0 0.28385416666666663 0.3576388888888889 0.015625 0.0625
0 0.35416666666666663 0.501736111111111 0.03125 0.09375
0 0.41666666666666663 0.625 0.05208333333333333 0.15277777777777776
0 0.6015625 0.546875 0.03645833333333333 0.12152777777777778
0 0.9205729166666666 0.6631944444444444 0.06510416666666666 0.18055555555555555
0 0.8671875 0.6684027777777778 0.041666666666666664 0.17013888888888887
0 0.7669270833333333 0.7013888888888888 0.0546875 0.1736111111111111
0 0.7161458333333333 0.7118055555555555 0.041666666666666664 0.16666666666666666
0 0.71484375 0.6024305555555555 0.04427083333333333 0.09375
0 0.64453125 0.5260416666666666 0.033854166666666664 0.08680555555555555
0 0.6575520833333333 0.6302083333333333 0.049479166666666664 0.14930555555555555
