0 0.90234375 0.71875 0.0546875 0.1736111111111111
0 0.8854166666666666 0.6232638888888888 0.046875 0.09375
0 0.7786458333333333 0.517361111111111 0.03645833333333333 0.125
0 0.6901041666666666 0.501736111111111 0.03125 0.10763888888888888
0 0.5260416666666666 0.3923611111111111 0.020833333333333332 0.06944444444444445
0 0.5625 0.390625 0.015625 0.07291666666666666
0 0.5755208333333333 0.390625 0.010416666666666666 0.06597222222222222
0 0.5963541666666666 0.3836805555555555 0.015625 0.06597222222222222
0 0.6197916666666666 0.3802083333333333 0.015625 0.06597222222222222
0 0.6458333333333333 0.390625 0.020833333333333332 0.07291666666666666
