0 0.29557291666666663 0.42013888888888884 0.0390625 0.0625
0 0.3177083333333333 0.3923611111111111 0.020833333333333332 0.06944444444444445
0 0.41666666666666663 0.4600694444444444 0.026041666666666664 0.09375
0 0.734375 0.3940972222222222 0.020833333333333332 0.08680555555555555
0 0.671875 0.5503472222222222 0.041666666666666664 0.13541666666666666
0 0.6888020833333333 0.47916666666666663 0.028645833333333332 0.1111111111111111
0 0.71484375 0.46875 0.028645833333333332 0.09027777777777778
0 0.7252604166666666 0.5572916666666666 0.0390625 0.13541666666666666
0 0.7721354166666666 0.5607638888888888 0.033854166666666664 0.1284722222222222
0 0.8059895833333333 0.5572916666666666 0.028645833333333332 0.1423611111111111
0 0.828125 0.5555555555555556 0.03125 0.125
