0 0.3216145833333333 0.36979166666666663 0.018229166666666664 0.059027777777777776
0 0.3411458333333333 0.3680555555555555 0.015625 0.05555555555555555
0 0.29947916666666663 0.4739583333333333 0.03125 0.10069444444444443
0 0.8046875 0.41840277777777773 0.026041666666666664 0.10069444444444443
0 0.6106770833333333 0.6458333333333333 0.049479166666666664 0.1388888888888889
0 0.578125 0.4583333333333333 0.020833333333333332 0.09722222222222221
0 0.6002604166666666 0.4565972222222222 0.0234375 0.10069444444444443
0 0.7330729166666666 0.5833333333333333 0.028645833333333332 0.14583333333333331
0 0.77734375 0.5815972222222222 0.04427083333333333 0.1423611111111111
0 0.8268229166666666 0.579861111111111 0.0390625 0.14583333333333331
0 0.8606770833333333 0.5729166666666666 0.028645833333333332 0.14583333333333331
