0 0.5442708333333333 0.6284722222222222 0.026041666666666664 0.06944444444444445
0 0.9765625 0.6493055555555555 0.03125 0.09027777777777778
0 0.7955729166666666 0.7152777777777778 0.0546875 0.09027777777777778
0 0.94140625 0.6163194444444444 0.033854166666666664 0.16319444444444445
0 0.89453125 0.611111111111111 0.033854166666666664 0.16666666666666666
0 0.8125 0.5190972222222222 0.026041666666666664 0.11458333333333333
0 0.7825520833333333 0.5104166666666666 0.033854166666666664 0.11805555555555555
0 0.7330729166666666 0.642361111111111 0.04427083333333333 0.15277777777777776
0 0.67578125 0.6215277777777778 0.0390625 0.07638888888888888
0 0.5078125 0.3663194444444444 0.020833333333333332 0.059027777777777776
0 0.7239583333333333 0.5052083333333333 0.03125 0.11458333333333333
0 0.6927083333333333 0.5190972222222222 0.03645833333333333 0.10763888888888888
