0 0.3828125 0.3628472222222222 0.015625 0.059027777777777776
0 0.37109375 0.3645833333333333 0.013020833333333332 0.05555555555555555
0 0.35807291666666663 0.3645833333333333 0.013020833333333332 0.048611111111111105
0 0.3828125 0.4444444444444444 0.03125 0.08333333333333333
0 0.4270833333333333 0.4392361111111111 0.026041666666666664 0.0798611111111111
0 0.50390625 0.4427083333333333 0.0234375 0.0798611111111111
0 0.5859375 0.4114583333333333 0.03125 0.08680555555555555
0 0.6197916666666666 0.40625 0.026041666666666664 0.07638888888888888
0 0.6419270833333333 0.40451388888888884 0.018229166666666664 0.0798611111111111
0 0.6653645833333333 0.3993055555555555 0.018229166666666664 0.07638888888888888
0 0.68359375 0.3958333333333333 0.018229166666666664 0.07638888888888888
0 0.69921875 0.3940972222222222 0.018229166666666664 0.0798611111111111
0 0.7252604166666666 0.4131944444444444 0.018229166666666664 0.08333333333333333
