0 0.32291666666666663 0.37152777777777773 0.015625 0.05555555555555555
0 0.3450520833333333 0.375 0.0234375 0.0625
0 0.3684895833333333 0.3732638888888889 0.018229166666666664 0.06597222222222222
0 0.38541666666666663 0.3732638888888889 0.020833333333333332 0.059027777777777776
0 0.41015625 0.4288194444444444 0.0234375 0.07291666666666666
0 0.43359375 0.4392361111111111 0.028645833333333332 0.08680555555555555
0 0.7083333333333333 0.5086805555555556 0.03645833333333333 0.10763888888888888
0 0.9453125 0.4565972222222222 0.03125 0.08680555555555555
0 0.83203125 0.6354166666666666 0.04427083333333333 0.1388888888888889
0 0.8723958333333333 0.6232638888888888 0.03645833333333333 0.15625
