0 0.8893229166666666 0.8420138888888888 0.0703125 0.21180555555555555
0 0.45182291666666663 0.5364583333333333 0.013020833333333332 0.10763888888888888
0 0.6471354166666666 0.38888888888888884 0.0234375 0.06944444444444445
0 0.3046875 0.375 0.015625 0.05555555555555555
0 0.3294270833333333 0.3767361111111111 0.013020833333333332 0.05208333333333333
0 0.34635416666666663 0.3663194444444444 0.015625 0.05208333333333333
0 0.35416666666666663 0.421875 0.026041666666666664 0.0798611111111111
0 0.36979166666666663 0.390625 0.015625 0.059027777777777776
0 0.41276041666666663 0.3784722222222222 0.013020833333333332 0.0625
0 0.3997395833333333 0.3767361111111111 0.013020833333333332 0.06597222222222222
