0 0.3333333333333333 0.359375 0.020833333333333332 0.05208333333333333
0 0.6888020833333333 0.40277777777777773 0.018229166666666664 0.08333333333333333
0 0.7408854166666666 0.40277777777777773 0.0234375 0.09027777777777778
0 0.75 0.611111111111111 0.041666666666666664 0.14583333333333331
0 0.7604166666666666 0.5729166666666666 0.020833333333333332 0.0625
0 0.796875 0.609375 0.03645833333333333 0.14930555555555555
0 0.8216145833333333 0.6006944444444444 0.028645833333333332 0.14583333333333331
0 0.8489583333333333 0.6510416666666666 0.041666666666666664 0.14930555555555555
0 0.8802083333333333 0.595486111111111 0.046875 0.14930555555555555
0 0.94140625 0.6440972222222222 0.0390625 0.15625
0 0.97265625 0.6475694444444444 0.028645833333333332 0.13541666666666666
