0 0.5455729166666666 0.5138888888888888 0.033854166666666664 0.0625
0 0.5846354166666666 0.5347222222222222 0.028645833333333332 0.1111111111111111
0 0.6315104166666666 0.5607638888888888 0.0390625 0.08680555555555555
0 0.6940104166666666 0.579861111111111 0.033854166666666664 0.1111111111111111
0 0.7330729166666666 0.5625 0.04427083333333333 0.125
0 0.7747395833333333 0.579861111111111 0.033854166666666664 0.125
0 0.828125 0.5659722222222222 0.05208333333333333 0.1597222222222222
0 0.7942708333333333 0.4236111111111111 0.026041666666666664 0.08333333333333333
0 0.765625 0.42013888888888884 0.03125 0.09722222222222221
0 0.7174479166666666 0.4079861111111111 0.013020833333333332 0.07291666666666666
0 0.70703125 0.40104166666666663 0.018229166666666664 0.0798611111111111
0 0.6888020833333333 0.4114583333333333 0.018229166666666664 0.09375
0 0.6796875 0.4427083333333333 0.015625 0.0798611111111111
0 0.66015625 0.40451388888888884 0.0234375 0.08680555555555555
0 0.6380208333333333 0.4114583333333333 0.015625 0.0798611111111111
