0 0.3359375 0.35590277777777773 0.020833333333333332 0.05208333333333333
0 0.31510416666666663 0.4079861111111111 0.026041666666666664 0.07291666666666666
0 0.43359375 0.5295138888888888 0.033854166666666664 0.0798611111111111
0 0.5533854166666666 0.49652777777777773 0.028645833333333332 0.11805555555555555
0 0.7317708333333333 0.46875 0.03125 0.10416666666666666
0 0.69921875 0.453125 0.028645833333333332 0.10069444444444443
0 0.6692708333333333 0.46701388888888884 0.03125 0.11458333333333333
0 0.6393229166666666 0.4739583333333333 0.028645833333333332 0.10069444444444443
0 0.6171875 0.4375 0.020833333333333332 0.09027777777777778
0 0.6015625 0.4583333333333333 0.015625 0.048611111111111105
0 0.5846354166666666 0.4392361111111111 0.0234375 0.08680555555555555
