0 0.8776041666666666 0.704861111111111 0.057291666666666664 0.19444444444444442
0 0.22916666666666666 0.4131944444444444 0.015625 0.034722222222222224
0 0.2513020833333333 0.3975694444444444 0.018229166666666664 0.06597222222222222
0 0.3684895833333333 0.37152777777777773 0.018229166666666664 0.05555555555555555
0 0.3828125 0.375 0.015625 0.034722222222222224
0 0.39713541666666663 0.3663194444444444 0.018229166666666664 0.06597222222222222
0 0.3723958333333333 0.4392361111111111 0.020833333333333332 0.07291666666666666
0 0.5143229166666666 0.4097222222222222 0.0234375 0.07638888888888888
0 0.5481770833333333 0.40104166666666663 0.033854166666666664 0.0798611111111111
0 0.6653645833333333 0.43402777777777773 0.018229166666666664 0.0625
0 0.68359375 0.41666666666666663 0.018229166666666664 0.08333333333333333
0 0.6979166666666666 0.4305555555555555 0.010416666666666666 0.048611111111111105
0 0.7135416666666666 0.4114583333333333 0.015625 0.09375
0 0.73046875 0.4149305555555555 0.018229166666666664 0.08680555555555555
0 0.7591145833333333 0.40625 0.0234375 0.08333333333333333
