0 0.3489583333333333 0.3802083333333333 0.026041666666666664 0.03125
0 0.4140625 0.4618055555555555 0.03125 0.10416666666666666
0 0.5611979166666666 0.5868055555555555 0.033854166666666664 0.08333333333333333
0 0.640625 0.6128472222222222 0.046875 0.059027777777777776
0 0.6979166666666666 0.6475694444444444 0.046875 0.16319444444444445
0 0.7799479166666666 0.5399305555555556 0.0390625 0.12152777777777778
0 0.6315104166666666 0.38888888888888884 0.0234375 0.07638888888888888
0 0.6536458333333333 0.38715277777777773 0.020833333333333332 0.07291666666666666
0 0.69140625 0.40451388888888884 0.0234375 0.0798611111111111
0 0.7096354166666666 0.40277777777777773 0.0234375 0.07638888888888888
0 0.80859375 0.4288194444444444 0.028645833333333332 0.09375
0 0.8346354166666666 0.4305555555555555 0.033854166666666664 0.09027777777777778
