0 0.8802083333333333 0.6059027777777778 0.046875 0.15625
0 0.8255208333333333 0.673611111111111 0.057291666666666664 0.1736111111111111
0 0.39453125 0.3680555555555555 0.0234375 0.0625
0 0.38151041666666663 0.5555555555555556 0.0390625 0.1111111111111111
0 0.44140625 0.53125 0.0390625 0.08333333333333333
0 0.40625 0.4618055555555555 0.03125 0.07638888888888888
0 0.4466145833333333 0.4600694444444444 0.0234375 0.06597222222222222
0 0.6796875 0.5086805555555556 0.03125 0.11458333333333333
0 0.6549479166666666 0.5069444444444444 0.018229166666666664 0.1111111111111111
0 0.6419270833333333 0.5243055555555556 0.018229166666666664 0.10416666666666666
0 0.6263020833333333 0.46701388888888884 0.018229166666666664 0.04513888888888889
0 0.61328125 0.5190972222222222 0.028645833333333332 0.12152777777777778
