0 0.35026041666666663 0.4461805555555555 0.0234375 0.09375
0 0.375 0.44965277777777773 0.03125 0.08680555555555555
0 0.5299479166666666 0.40277777777777773 0.0234375 0.08333333333333333
0 0.5598958333333333 0.4236111111111111 0.020833333333333332 0.08333333333333333
0 0.58984375 0.4600694444444444 0.028645833333333332 0.10763888888888888
0 0.62109375 0.5364583333333333 0.033854166666666664 0.11458333333333333
0 0.671875 0.5277777777777778 0.03645833333333333 0.11805555555555555
0 0.8984375 0.6371527777777778 0.05208333333333333 0.15625
0 0.9557291666666666 0.7100694444444444 0.057291666666666664 0.17013888888888887
0 0.9817708333333333 0.6649305555555555 0.03645833333333333 0.1284722222222222
0 0.5104166666666666 0.5520833333333333 0.03125 0.11805555555555555
0 0.5247395833333333 0.49479166666666663 0.033854166666666664 0.10763888888888888
