0 0.3203125 0.3611111111111111 0.020833333333333332 0.0625
0 0.3333333333333333 0.5260416666666666 0.03125 0.07291666666666666
0 0.7942708333333333 0.6666666666666666 0.046875 0.1597222222222222
0 0.84765625 0.6527777777777778 0.04427083333333333 0.16666666666666666
0 0.9010416666666666 0.65625 0.046875 0.1597222222222222
0 0.5690104166666666 0.3732638888888889 0.0234375 0.0798611111111111
0 0.58984375 0.3680555555555555 0.0234375 0.06944444444444445
0 0.61328125 0.36979166666666663 0.018229166666666664 0.06597222222222222
0 0.7291666666666666 0.41840277777777773 0.026041666666666664 0.08680555555555555
0 0.76171875 0.4288194444444444 0.028645833333333332 0.10069444444444443
