0 0.3997395833333333 0.44791666666666663 0.018229166666666664 0.08333333333333333
0 0.41666666666666663 0.4461805555555555 0.020833333333333332 0.0798611111111111
0 0.7213541666666666 0.6163194444444444 0.041666666666666664 0.1423611111111111
0 0.7643229166666666 0.6302083333333333 0.0390625 0.15625
0 0.7434895833333333 0.7239583333333333 0.0390625 0.17708333333333331
0 0.8190104166666666 0.6284722222222222 0.0390625 0.06944444444444445
0 0.8541666666666666 0.6753472222222222 0.03645833333333333 0.14930555555555555
0 0.8958333333333333 0.6753472222222222 0.041666666666666664 0.17013888888888887
0 0.9361979166666666 0.65625 0.0390625 0.16666666666666666
0 0.81640625 0.736111111111111 0.0390625 0.1388888888888889
