0 0.8385416666666666 0.5763888888888888 0.046875 0.14583333333333331
0 0.796875 0.6597222222222222 0.041666666666666664 0.15277777777777776
0 0.7565104166666666 0.6666666666666666 0.04427083333333333 0.1597222222222222
0 0.734375 0.564236111111111 0.046875 0.10763888888888888
0 0.71875 0.4722222222222222 0.03125 0.07638888888888888
0 0.78125 0.41840277777777773 0.020833333333333332 0.09375
0 0.7174479166666666 0.3923611111111111 0.018229166666666664 0.07638888888888888
0 0.65625 0.484375 0.026041666666666664 0.11458333333333333
0 0.609375 0.4288194444444444 0.03125 0.0798611111111111
0 0.5091145833333333 0.3524305555555555 0.018229166666666664 0.06597222222222222
0 0.43619791666666663 0.43402777777777773 0.028645833333333332 0.08333333333333333
0 0.36197916666666663 0.5434027777777778 0.03125 0.08680555555555555
0 0.3997395833333333 0.4427083333333333 0.0234375 0.07291666666666666
0 0.26171875 0.4149305555555555 0.013020833333333332 0.07291666666666666
0 0.3059895833333333 0.3940972222222222 0.013020833333333332 0.07291666666666666
0 0.328125 0.4097222222222222 0.015625 0.07638888888888888
0 0.34375 0.4131944444444444 0.015625 0.06944444444444445
0 0.3671875 0.4305555555555555 0.026041666666666664 0.08333333333333333
0 0.3880208333333333 0.390625 0.026041666666666664 0.059027777777777776
