0 0.5234375 0.6163194444444444 0.041666666666666664 0.14930555555555555
0 0.6080729166666666 0.6145833333333333 0.0390625 0.1597222222222222
0 0.78125 0.40104166666666663 0.020833333333333332 0.08680555555555555
0 0.9244791666666666 0.626736111111111 0.041666666666666664 0.15625
0 0.8802083333333333 0.6371527777777778 0.046875 0.16319444444444445
0 0.828125 0.6388888888888888 0.03645833333333333 0.15277777777777776
0 0.7513020833333333 0.5989583333333333 0.0390625 0.14930555555555555
0 0.796875 0.6006944444444444 0.026041666666666664 0.14583333333333331
0 0.7734375 0.579861111111111 0.026041666666666664 0.1597222222222222
0 0.74609375 0.5086805555555556 0.028645833333333332 0.03819444444444444
0 0.8072916666666666 0.5347222222222222 0.03125 0.07638888888888888
0 0.8177083333333333 0.5225694444444444 0.026041666666666664 0.06597222222222222
