0 0.4075520833333333 0.7413194444444444 0.0390625 0.16319444444444445
0 0.41276041666666663 0.6666666666666666 0.028645833333333332 0.07638888888888888
0 0.3828125 0.6857638888888888 0.020833333333333332 0.15625
0 0.83203125 0.9427083333333333 0.049479166666666664 0.11458333333333333
0 0.9388020833333333 0.9496527777777777 0.08072916666666666 0.10069444444444443
0 0.7838541666666666 0.6024305555555555 0.046875 0.07291666666666666
0 0.640625 0.45138888888888884 0.015625 0.08333333333333333
0 0.7096354166666666 0.4149305555555555 0.033854166666666664 0.08680555555555555
0 0.6744791666666666 0.4444444444444444 0.026041666666666664 0.10416666666666666
0 0.9830729166666666 0.46527777777777773 0.033854166666666664 0.0625
