0 0.3515625 0.42013888888888884 0.03125 0.09027777777777778
0 0.41796875 0.4305555555555555 0.0234375 0.08333333333333333
0 0.5130208333333333 0.40451388888888884 0.026041666666666664 0.0798611111111111
0 0.5677083333333333 0.4722222222222222 0.03125 0.10416666666666666
0 0.6979166666666666 0.4079861111111111 0.020833333333333332 0.0798611111111111
0 0.7135416666666666 0.3975694444444444 0.020833333333333332 0.0798611111111111
0 0.8203125 0.6684027777777778 0.05208333333333333 0.17013888888888887
0 0.8528645833333333 0.6180555555555555 0.049479166666666664 0.15277777777777776
0 0.9010416666666666 0.5677083333333333 0.05208333333333333 0.07291666666666666
0 0.9114583333333333 0.6527777777777778 0.046875 0.1388888888888889
0 0.9557291666666666 0.6371527777777778 0.046875 0.14930555555555555
