0 0.9401041666666666 0.954861111111111 0.06770833333333333 0.09027777777777778
0 0.8411458333333333 0.939236111111111 0.046875 0.12152777777777778
0 0.9010416666666666 0.7152777777777778 0.0625 0.1875
0 0.9752604166666666 0.45138888888888884 0.033854166666666664 0.09722222222222221
0 0.74609375 0.703125 0.0390625 0.12152777777777778
0 0.4466145833333333 0.6545138888888888 0.028645833333333332 0.14930555555555555
0 0.5182291666666666 0.6371527777777778 0.03645833333333333 0.0798611111111111
0 0.5651041666666666 0.6232638888888888 0.03645833333333333 0.07291666666666666
0 0.5013020833333333 0.40277777777777773 0.018229166666666664 0.07638888888888888
0 0.53515625 0.40277777777777773 0.0234375 0.07638888888888888
