0 0.9348958333333333 0.6684027777777778 0.05208333333333333 0.16319444444444445
0 0.8880208333333333 0.6666666666666666 0.03645833333333333 0.14583333333333331
0 0.7877604166666666 0.59375 0.049479166666666664 0.14583333333333331
0 0.5598958333333333 0.517361111111111 0.03645833333333333 0.1111111111111111
0 0.5729166666666666 0.3993055555555555 0.026041666666666664 0.08333333333333333
0 0.421875 0.3975694444444444 0.026041666666666664 0.06597222222222222
0 0.29557291666666663 0.42013888888888884 0.028645833333333332 0.05555555555555555
0 0.36197916666666663 0.390625 0.020833333333333332 0.06597222222222222
0 0.32682291666666663 0.40277777777777773 0.018229166666666664 0.0625
0 0.34375 0.3975694444444444 0.020833333333333332 0.07291666666666666
