0 0.2890625 0.3628472222222222 0.020833333333333332 0.0798611111111111
0 0.3802083333333333 0.40277777777777773 0.026041666666666664 0.07638888888888888
0 0.40494791666666663 0.40104166666666663 0.018229166666666664 0.07291666666666666
0 0.58984375 0.40277777777777773 0.018229166666666664 0.08333333333333333
0 0.6080729166666666 0.3993055555555555 0.013020833333333332 0.07638888888888888
0 0.6302083333333333 0.3975694444444444 0.015625 0.07291666666666666
0 0.6653645833333333 0.40625 0.018229166666666664 0.09027777777777778
0 0.69921875 0.40625 0.018229166666666664 0.08333333333333333
0 0.7161458333333333 0.390625 0.020833333333333332 0.06597222222222222
0 0.7434895833333333 0.3784722222222222 0.018229166666666664 0.034722222222222224
0 0.7552083333333333 0.4079861111111111 0.015625 0.04513888888888889
0 0.6848958333333333 0.4861111111111111 0.03125 0.10416666666666666
0 0.71484375 0.48263888888888884 0.028645833333333332 0.10416666666666666
0 0.7395833333333333 0.4739583333333333 0.026041666666666664 0.10069444444444443
0 0.7708333333333333 0.48263888888888884 0.03645833333333333 0.06944444444444445
0 0.74609375 0.5815972222222222 0.0390625 0.11458333333333333
0 0.78515625 0.5885416666666666 0.0390625 0.13541666666666666
0 0.8606770833333333 0.5086805555555556 0.033854166666666664 0.10763888888888888
0 0.7057291666666666 0.6753472222222222 0.041666666666666664 0.17013888888888887
0 0.7408854166666666 0.6857638888888888 0.0390625 0.16319444444444445
