0 0.328125 0.5121527777777778 0.03125 0.09375
0 0.35807291666666663 0.5086805555555556 0.033854166666666664 0.10069444444444443
0 0.36197916666666663 0.4375 0.026041666666666664 0.08333333333333333
0 0.3984375 0.4392361111111111 0.020833333333333332 0.08680555555555555
0 0.421875 0.4392361111111111 0.020833333333333332 0.0798611111111111
0 0.5286458333333333 0.46701388888888884 0.020833333333333332 0.09375
0 0.5442708333333333 0.4600694444444444 0.015625 0.10069444444444443
0 0.5651041666666666 0.46701388888888884 0.020833333333333332 0.10069444444444443
0 0.5807291666666666 0.4600694444444444 0.020833333333333332 0.09375
0 0.5950520833333333 0.45138888888888884 0.018229166666666664 0.08333333333333333
0 0.44791666666666663 0.38715277777777773 0.020833333333333332 0.07291666666666666
