0 0.7447916666666666 0.8888888888888888 0.046875 0.2222222222222222
0 0.7513020833333333 0.8506944444444444 0.0546875 0.2569444444444444
0 0.3359375 0.38541666666666663 0.015625 0.05555555555555555
0 0.4270833333333333 0.3940972222222222 0.015625 0.059027777777777776
0 0.5403645833333333 0.421875 0.018229166666666664 0.06597222222222222
0 0.9075520833333333 0.6319444444444444 0.0390625 0.09027777777777778
0 0.8736979166666666 0.6336805555555555 0.028645833333333332 0.10069444444444443
0 0.8463541666666666 0.6354166666666666 0.026041666666666664 0.09722222222222221
0 0.8203125 0.611111111111111 0.041666666666666664 0.14583333333333331
0 0.78515625 0.5815972222222222 0.028645833333333332 0.09375
0 0.7513020833333333 0.564236111111111 0.0390625 0.12152777777777778
0 0.7864583333333333 0.48090277777777773 0.03125 0.10763888888888888
0 0.7552083333333333 0.46354166666666663 0.026041666666666664 0.0798611111111111
