0 0.6783854166666666 0.6197916666666666 0.0390625 0.08680555555555555
0 0.578125 0.626736111111111 0.03645833333333333 0.06597222222222222
0 0.5130208333333333 0.6388888888888888 0.026041666666666664 0.08333333333333333
0 0.3333333333333333 0.7152777777777778 0.057291666666666664 0.18055555555555555
0 0.42578125 0.4149305555555555 0.0234375 0.07291666666666666
0 0.6028645833333333 0.3923611111111111 0.0234375 0.07638888888888888
0 0.5442708333333333 0.3993055555555555 0.026041666666666664 0.08333333333333333
0 0.5846354166666666 0.359375 0.018229166666666664 0.06597222222222222
0 0.578125 0.4149305555555555 0.010416666666666666 0.03819444444444444
0 0.5716145833333333 0.3732638888888889 0.013020833333333332 0.04513888888888889
