0 0.38932291666666663 0.4149305555555555 0.018229166666666664 0.07291666666666666
0 0.4075520833333333 0.4149305555555555 0.018229166666666664 0.0798611111111111
0 0.8658854166666666 0.689236111111111 0.0390625 0.17013888888888887
0 0.8268229166666666 0.6979166666666666 0.0390625 0.16666666666666666
0 0.5338541666666666 0.45138888888888884 0.03125 0.09722222222222221
0 0.5690104166666666 0.4253472222222222 0.028645833333333332 0.05208333333333333
0 0.5755208333333333 0.5034722222222222 0.03645833333333333 0.09027777777777778
0 0.60546875 0.42013888888888884 0.0234375 0.048611111111111105
0 0.6171875 0.484375 0.03125 0.10763888888888888
0 0.65625 0.484375 0.03645833333333333 0.11458333333333333
0 0.7044270833333333 0.4861111111111111 0.0390625 0.10416666666666666
0 0.68359375 0.5989583333333333 0.04427083333333333 0.13541666666666666
