0 0.2981770833333333 0.421875 0.033854166666666664 0.059027777777777776
0 0.32291666666666663 0.375 0.015625 0.05555555555555555
0 0.42447916666666663 0.40451388888888884 0.020833333333333332 0.06597222222222222
0 0.38671875 0.5208333333333333 0.028645833333333332 0.1111111111111111
0 0.43359375 0.5208333333333333 0.033854166666666664 0.09722222222222221
0 0.6875 0.8784722222222222 0.0625 0.24305555555555555
0 0.7890625 0.8663194444444444 0.08333333333333333 0.23958333333333331
0 0.84375 0.5052083333333333 0.03645833333333333 0.11458333333333333
0 0.8072916666666666 0.5104166666666666 0.03645833333333333 0.1111111111111111
0 0.5846354166666666 0.4722222222222222 0.028645833333333332 0.09027777777777778
0 0.609375 0.46701388888888884 0.020833333333333332 0.08680555555555555
