0 0.8697916666666666 0.5902777777777778 0.046875 0.15277777777777776
0 0.8294270833333333 0.5920138888888888 0.0390625 0.14930555555555555
0 0.5546875 0.5243055555555556 0.041666666666666664 0.1111111111111111
0 0.7734375 0.4878472222222222 0.03645833333333333 0.10763888888888888
0 0.7356770833333333 0.49826388888888884 0.028645833333333332 0.10763888888888888
0 0.6979166666666666 0.4114583333333333 0.026041666666666664 0.0798611111111111
0 0.6380208333333333 0.5086805555555556 0.026041666666666664 0.10763888888888888
0 0.6666666666666666 0.5104166666666666 0.026041666666666664 0.11805555555555555
0 0.6809895833333333 0.5 0.018229166666666664 0.10416666666666666
0 0.70703125 0.5069444444444444 0.028645833333333332 0.10416666666666666
0 0.2890625 0.3628472222222222 0.015625 0.059027777777777776
0 0.3059895833333333 0.3663194444444444 0.013020833333333332 0.059027777777777776
0 0.3255208333333333 0.35416666666666663 0.015625 0.0625
