0 0.5364583333333333 0.4739583333333333 0.03125 0.11458333333333333
0 0.89453125 0.7256944444444444 0.049479166666666664 0.1736111111111111
0 0.6119791666666666 0.38888888888888884 0.020833333333333332 0.06944444444444445
0 0.6341145833333333 0.38888888888888884 0.0234375 0.06944444444444445
0 0.8658854166666666 0.4375 0.018229166666666664 0.09722222222222221
0 0.87890625 0.4392361111111111 0.018229166666666664 0.08680555555555555
0 0.9036458333333333 0.4392361111111111 0.026041666666666664 0.09375
0 0.9348958333333333 0.44965277777777773 0.026041666666666664 0.08680555555555555
0 0.9518229166666666 0.4461805555555555 0.018229166666666664 0.0798611111111111
0 0.9752604166666666 0.44965277777777773 0.0234375 0.08680555555555555
