0 0.38151041666666663 0.3767361111111111 0.0234375 0.059027777777777776
0 0.4036458333333333 0.375 0.015625 0.0625
0 0.41666666666666663 0.3767361111111111 0.015625 0.059027777777777776
0 0.5677083333333333 0.359375 0.015625 0.059027777777777776
0 0.58203125 0.359375 0.013020833333333332 0.05208333333333333
0 0.6145833333333333 0.5208333333333333 0.03645833333333333 0.1111111111111111
0 0.6393229166666666 0.5190972222222222 0.028645833333333332 0.12152777777777778
0 0.6640625 0.5538194444444444 0.03125 0.12152777777777778
0 0.6888020833333333 0.5104166666666666 0.033854166666666664 0.1111111111111111
0 0.7174479166666666 0.579861111111111 0.028645833333333332 0.11805555555555555
0 0.75390625 0.5763888888888888 0.033854166666666664 0.11805555555555555
0 0.7486979166666666 0.5034722222222222 0.028645833333333332 0.027777777777777776
0 0.7421875 0.46701388888888884 0.03645833333333333 0.04513888888888889
