0 0.4505208333333333 0.6527777777777778 0.026041666666666664 0.1388888888888889
0 0.5169270833333333 0.6388888888888888 0.028645833333333332 0.07638888888888888
0 0.55078125 0.6163194444444444 0.033854166666666664 0.0798611111111111
0 0.5481770833333333 0.6770833333333333 0.0390625 0.048611111111111105
0 0.73046875 0.65625 0.0546875 0.1111111111111111
0 0.49609375 0.3958333333333333 0.013020833333333332 0.07638888888888888
0 0.5260416666666666 0.390625 0.020833333333333332 0.07291666666666666
0 0.90625 0.4461805555555555 0.03125 0.11458333333333333
0 0.9401041666666666 0.953125 0.07291666666666666 0.09375
0 0.8203125 0.9375 0.07291666666666666 0.125
