0 0.5625 0.6232638888888888 0.03125 0.07291666666666666
0 0.9661458333333333 0.6527777777777778 0.015625 0.09722222222222221
0 0.7682291666666666 0.7239583333333333 0.05208333333333333 0.0798611111111111
0 0.5130208333333333 0.37152777777777773 0.020833333333333332 0.0625
0 0.6783854166666666 0.6232638888888888 0.0390625 0.07291666666666666
0 0.7330729166666666 0.625 0.04427083333333333 0.1111111111111111
0 0.8138020833333333 0.5243055555555556 0.028645833333333332 0.1111111111111111
0 0.7838541666666666 0.515625 0.03645833333333333 0.12152777777777778
0 0.7200520833333333 0.5121527777777778 0.033854166666666664 0.12152777777777778
0 0.6901041666666666 0.5243055555555556 0.03125 0.10416666666666666
0 0.90625 0.6128472222222222 0.041666666666666664 0.15625
0 0.9401041666666666 0.6145833333333333 0.03125 0.16666666666666666
