0 0.3255208333333333 0.40451388888888884 0.020833333333333332 0.0798611111111111
0 0.34375 0.40625 0.020833333333333332 0.07638888888888888
0 0.37109375 0.38888888888888884 0.0234375 0.06944444444444445
0 0.3997395833333333 0.38541666666666663 0.018229166666666664 0.05555555555555555
0 0.4296875 0.38541666666666663 0.020833333333333332 0.0625
0 0.4296875 0.38541666666666663 0.026041666666666664 0.05555555555555555
0 0.4192708333333333 0.4305555555555555 0.026041666666666664 0.08333333333333333
0 0.546875 0.5069444444444444 0.03645833333333333 0.09722222222222221
0 0.5989583333333333 0.4618055555555555 0.03645833333333333 0.1111111111111111
0 0.7395833333333333 0.5520833333333333 0.046875 0.10416666666666666
