0 0.4348958333333333 0.38715277777777773 0.026041666666666664 0.07291666666666666
0 0.5625 0.5850694444444444 0.046875 0.1423611111111111
0 0.6197916666666666 0.5677083333333333 0.03645833333333333 0.11458333333333333
0 0.6510416666666666 0.5729166666666666 0.03125 0.125
0 0.6796875 0.5607638888888888 0.03125 0.12152777777777778
0 0.7200520833333333 0.5677083333333333 0.04427083333333333 0.1284722222222222
0 0.7096354166666666 0.4739583333333333 0.033854166666666664 0.059027777777777776
0 0.7604166666666666 0.5 0.03645833333333333 0.10416666666666666
0 0.78125 0.5833333333333333 0.03645833333333333 0.13194444444444445
0 0.8203125 0.6371527777777778 0.046875 0.17013888888888887
0 0.8802083333333333 0.6371527777777778 0.05208333333333333 0.16319444444444445
