0 0.29557291666666663 0.42013888888888884 0.0390625 0.0625
0 0.39453125 0.5225694444444444 0.0234375 0.11458333333333333
0 0.4375 0.5225694444444444 0.026041666666666664 0.10069444444444443
0 0.515625 0.5 0.026041666666666664 0.09027777777777778
0 0.5494791666666666 0.49826388888888884 0.03645833333333333 0.12152777777777778
0 0.59375 0.71875 0.05208333333333333 0.1597222222222222
0 0.6328125 0.6440972222222222 0.03645833333333333 0.13541666666666666
0 0.66796875 0.5850694444444444 0.033854166666666664 0.12152777777777778
0 0.7044270833333333 0.5746527777777778 0.04427083333333333 0.14930555555555555
0 0.7578125 0.578125 0.041666666666666664 0.14930555555555555
0 0.8072916666666666 0.579861111111111 0.041666666666666664 0.14583333333333331
0 0.8450520833333333 0.5763888888888888 0.033854166666666664 0.13194444444444445
