0 0.94921875 0.8975694444444444 0.07552083333333333 0.2048611111111111
0 0.9166666666666666 0.6354166666666666 0.046875 0.14583333333333331
0 0.8723958333333333 0.6163194444444444 0.041666666666666664 0.1423611111111111
0 0.50390625 0.4878472222222222 0.013020833333333332 0.10763888888888888
0 0.44401041666666663 0.48090277777777773 0.0234375 0.10763888888888888
0 0.41796875 0.484375 0.0234375 0.06597222222222222
0 0.35546875 0.4895833333333333 0.028645833333333332 0.11805555555555555
0 0.3294270833333333 0.4913194444444444 0.028645833333333332 0.09375
0 0.33984375 0.3958333333333333 0.018229166666666664 0.06944444444444445
0 0.3177083333333333 0.38715277777777773 0.020833333333333332 0.07291666666666666
