0 0.3645833333333333 0.3680555555555555 0.020833333333333332 0.05555555555555555
0 0.3450520833333333 0.3680555555555555 0.018229166666666664 0.0625
0 0.42057291666666663 0.3767361111111111 0.018229166666666664 0.059027777777777776
0 0.44140625 0.375 0.013020833333333332 0.0625
0 0.5078125 0.5399305555555556 0.020833333333333332 0.1284722222222222
0 0.5611979166666666 0.517361111111111 0.033854166666666664 0.08333333333333333
0 0.53515625 0.6180555555555555 0.0390625 0.14583333333333331
0 0.57421875 0.6302083333333333 0.0390625 0.1423611111111111
0 0.6236979166666666 0.6180555555555555 0.04427083333333333 0.15277777777777776
0 0.8346354166666666 0.6024305555555555 0.04427083333333333 0.14930555555555555
0 0.87109375 0.6302083333333333 0.0234375 0.0798611111111111
0 0.9010416666666666 0.5972222222222222 0.046875 0.15277777777777776
0 0.5807291666666666 0.35416666666666663 0.015625 0.06944444444444445
0 0.7786458333333333 0.3784722222222222 0.020833333333333332 0.027777777777777776
