0 0.87890625 0.48263888888888884 0.033854166666666664 0.05555555555555555
0 0.8502604166666666 0.5208333333333333 0.033854166666666664 0.125
0 0.7044270833333333 0.5520833333333333 0.0390625 0.1111111111111111
0 0.33203125 0.5868055555555555 0.04427083333333333 0.1388888888888889
0 0.39322916666666663 0.6145833333333333 0.041666666666666664 0.14583333333333331
0 0.4544270833333333 0.48090277777777773 0.013020833333333332 0.09375
0 0.4427083333333333 0.4444444444444444 0.020833333333333332 0.09722222222222221
0 0.41276041666666663 0.38541666666666663 0.0234375 0.06944444444444445
0 0.36197916666666663 0.390625 0.015625 0.06597222222222222
0 0.3489583333333333 0.38888888888888884 0.015625 0.07638888888888888
