0 0.5299479166666666 0.6319444444444444 0.033854166666666664 0.07638888888888888
0 0.8059895833333333 0.7135416666666666 0.0546875 0.09375
0 0.9778645833333333 0.6527777777777778 0.028645833333333332 0.08333333333333333
0 0.9401041666666666 0.6145833333333333 0.03125 0.16666666666666666
0 0.8854166666666666 0.609375 0.03645833333333333 0.15625
0 0.6770833333333333 0.6197916666666666 0.03645833333333333 0.07291666666666666
0 0.734375 0.6440972222222222 0.046875 0.14930555555555555
0 0.8125 0.5190972222222222 0.026041666666666664 0.10763888888888888
0 0.7799479166666666 0.5069444444444444 0.0390625 0.125
0 0.7239583333333333 0.5069444444444444 0.03645833333333333 0.11805555555555555
0 0.6901041666666666 0.5190972222222222 0.03645833333333333 0.10069444444444443
