0 0.29557291666666663 0.5121527777777778 0.0234375 0.10069444444444443
0 0.28776041666666663 0.3315972222222222 0.018229166666666664 0.059027777777777776
0 0.33203125 0.3576388888888889 0.018229166666666664 0.05555555555555555
0 0.38541666666666663 0.359375 0.020833333333333332 0.059027777777777776
0 0.44791666666666663 0.48090277777777773 0.026041666666666664 0.10069444444444443
0 0.50390625 0.46527777777777773 0.0234375 0.09027777777777778
0 0.5455729166666666 0.46354166666666663 0.0234375 0.06597222222222222
0 0.6263020833333333 0.546875 0.0390625 0.1284722222222222
0 0.6497395833333333 0.8315972222222222 0.049479166666666664 0.21180555555555555
0 0.7109375 0.8211805555555555 0.06770833333333333 0.22569444444444442
