0 0.3294270833333333 0.3975694444444444 0.0234375 0.06597222222222222
0 0.5182291666666666 0.41840277777777773 0.026041666666666664 0.0798611111111111
0 0.5807291666666666 0.4305555555555555 0.015625 0.07638888888888888
0 0.6002604166666666 0.42013888888888884 0.018229166666666664 0.07638888888888888
0 0.6184895833333333 0.421875 0.0234375 0.08680555555555555
0 0.6354166666666666 0.6302083333333333 0.046875 0.14930555555555555
0 0.6861979166666666 0.6840277777777778 0.033854166666666664 0.11805555555555555
0 0.7200520833333333 0.671875 0.04427083333333333 0.1423611111111111
0 0.6796875 0.5868055555555555 0.03125 0.07638888888888888
0 0.7005208333333333 0.5833333333333333 0.026041666666666664 0.07638888888888888
0 0.7330729166666666 0.6006944444444444 0.028645833333333332 0.14583333333333331
