0 0.7044270833333333 0.6076388888888888 0.033854166666666664 0.09027777777777778
0 0.3372395833333333 0.7118055555555555 0.0546875 0.1875
0 0.6640625 0.6180555555555555 0.03125 0.07638888888888888
0 0.5924479166666666 0.6215277777777778 0.028645833333333332 0.06944444444444445
0 0.44401041666666663 0.4253472222222222 0.0234375 0.08680555555555555
0 0.6302083333333333 0.3940972222222222 0.026041666666666664 0.0798611111111111
0 0.5989583333333333 0.4236111111111111 0.020833333333333332 0.041666666666666664
0 0.59765625 0.35416666666666663 0.018229166666666664 0.06944444444444445
0 0.5729166666666666 0.3628472222222222 0.015625 0.05208333333333333
0 0.5611979166666666 0.40451388888888884 0.0234375 0.0798611111111111
