0 0.3671875 0.4618055555555555 0.020833333333333332 0.09027777777777778
0 0.3723958333333333 0.38541666666666663 0.020833333333333332 0.05555555555555555
0 0.39322916666666663 0.3819444444444444 0.020833333333333332 0.0625
0 0.5026041666666666 0.390625 0.015625 0.06597222222222222
0 0.5299479166666666 0.38715277777777773 0.028645833333333332 0.07291666666666666
0 0.5494791666666666 0.4409722222222222 0.020833333333333332 0.08333333333333333
0 0.5755208333333333 0.4375 0.020833333333333332 0.08333333333333333
0 0.5963541666666666 0.4375 0.020833333333333332 0.08333333333333333
0 0.6263020833333333 0.4097222222222222 0.018229166666666664 0.08333333333333333
0 0.6432291666666666 0.40451388888888884 0.020833333333333332 0.0798611111111111
0 0.6861979166666666 0.4131944444444444 0.028645833333333332 0.09027777777777778
0 0.7135416666666666 0.4097222222222222 0.020833333333333332 0.09027777777777778
0 0.7330729166666666 0.40104166666666663 0.018229166666666664 0.08680555555555555
