0 0.30859375 0.3836805555555555 0.0234375 0.0798611111111111
0 0.51171875 0.4097222222222222 0.018229166666666664 0.07638888888888888
0 0.53515625 0.4114583333333333 0.0234375 0.07291666666666666
0 0.5559895833333333 0.4114583333333333 0.0234375 0.07291666666666666
0 0.578125 0.4097222222222222 0.020833333333333332 0.06944444444444445
0 0.53515625 0.5434027777777778 0.0390625 0.08680555555555555
0 0.7330729166666666 0.5815972222222222 0.0546875 0.11458333333333333
0 0.7916666666666666 0.5711805555555555 0.03125 0.12152777777777778
0 0.7200520833333333 0.42013888888888884 0.018229166666666664 0.08333333333333333
0 0.6966145833333333 0.4583333333333333 0.0234375 0.11805555555555555
