0 0.8255208333333333 0.8107638888888888 0.06770833333333333 0.22569444444444442
0 0.6940104166666666 0.6631944444444444 0.0546875 0.15277777777777776
0 0.41276041666666663 0.7916666666666666 0.06510416666666666 0.20833333333333331
0 0.2864583333333333 0.3645833333333333 0.010416666666666666 0.05555555555555555
0 0.5533854166666666 0.38888888888888884 0.018229166666666664 0.06944444444444445
0 0.5729166666666666 0.38715277777777773 0.015625 0.06597222222222222
0 0.58984375 0.3506944444444444 0.018229166666666664 0.0625
0 0.6041666666666666 0.3489583333333333 0.015625 0.059027777777777776
0 0.6145833333333333 0.4392361111111111 0.03125 0.09375
0 0.6484375 0.4739583333333333 0.026041666666666664 0.10763888888888888
0 0.67578125 0.4774305555555555 0.0234375 0.10069444444444443
0 0.7096354166666666 0.48090277777777773 0.033854166666666664 0.10763888888888888
0 0.7239583333333333 0.46875 0.026041666666666664 0.09027777777777778
