0 0.4036458333333333 0.3611111111111111 0.010416666666666666 0.048611111111111105
0 0.3919270833333333 0.3611111111111111 0.013020833333333332 0.048611111111111105
0 0.6158854166666666 0.3645833333333333 0.018229166666666664 0.0625
0 0.6002604166666666 0.3628472222222222 0.018229166666666664 0.06597222222222222
0 0.7044270833333333 0.4097222222222222 0.018229166666666664 0.09722222222222221
0 0.6927083333333333 0.41840277777777773 0.020833333333333332 0.09375
0 0.7526041666666666 0.4097222222222222 0.026041666666666664 0.09027777777777778
0 0.9231770833333333 0.4583333333333333 0.028645833333333332 0.08333333333333333
0 0.9622395833333333 0.45138888888888884 0.028645833333333332 0.08333333333333333
0 0.41015625 0.41666666666666663 0.0234375 0.07638888888888888
0 0.4388020833333333 0.4392361111111111 0.0234375 0.09375
0 0.6796875 0.5833333333333333 0.046875 0.14583333333333331
0 0.7317708333333333 0.5885416666666666 0.03125 0.12152777777777778
0 0.7682291666666666 0.5868055555555555 0.03125 0.11805555555555555
0 0.81640625 0.5833333333333333 0.0390625 0.125
0 0.18880208333333331 0.4270833333333333 0.0234375 0.06944444444444445
0 0.2109375 0.4253472222222222 0.015625 0.07291666666666666
0 0.22135416666666666 0.421875 0.015625 0.07291666666666666
