0 0.7005208333333333 0.6145833333333333 0.03645833333333333 0.09027777777777778
0 0.6341145833333333 0.6215277777777778 0.028645833333333332 0.06944444444444445
0 0.5208333333333333 0.6354166666666666 0.03125 0.07638888888888888
0 0.3372395833333333 0.7152777777777778 0.0546875 0.18055555555555555
0 0.4309895833333333 0.42013888888888884 0.0234375 0.08333333333333333
0 0.61328125 0.38888888888888884 0.018229166666666664 0.07638888888888888
0 0.5859375 0.4131944444444444 0.015625 0.034722222222222224
0 0.58203125 0.359375 0.018229166666666664 0.06597222222222222
0 0.5638020833333333 0.36979166666666663 0.013020833333333332 0.05208333333333333
0 0.55078125 0.3993055555555555 0.0234375 0.07638888888888888
