0 0.9505208333333333 0.953125 0.078125 0.09375
0 0.8203125 0.9409722222222222 0.06770833333333333 0.11805555555555555
0 0.6575520833333333 0.6371527777777778 0.0546875 0.04513888888888889
0 0.5598958333333333 0.6666666666666666 0.03125 0.041666666666666664
0 0.44791666666666663 0.6475694444444444 0.03125 0.13541666666666666
0 0.5169270833333333 0.640625 0.033854166666666664 0.0798611111111111
0 0.5481770833333333 0.6145833333333333 0.033854166666666664 0.06944444444444445
0 0.8919270833333333 0.4409722222222222 0.028645833333333332 0.1111111111111111
0 0.5 0.38888888888888884 0.015625 0.06944444444444445
0 0.51953125 0.38888888888888884 0.0234375 0.06944444444444445
