0 0.3723958333333333 0.4288194444444444 0.026041666666666664 0.08680555555555555
0 0.40625 0.41840277777777773 0.026041666666666664 0.0798611111111111
0 0.42578125 0.3767361111111111 0.0234375 0.04513888888888889
0 0.4296875 0.421875 0.020833333333333332 0.07291666666666666
0 0.58984375 0.41840277777777773 0.018229166666666664 0.08680555555555555
0 0.6106770833333333 0.4236111111111111 0.018229166666666664 0.07638888888888888
0 0.5807291666666666 0.5277777777777778 0.041666666666666664 0.11805555555555555
0 0.6276041666666666 0.5208333333333333 0.041666666666666664 0.11805555555555555
0 0.9010416666666666 0.4600694444444444 0.03125 0.07291666666666666
0 0.9309895833333333 0.4583333333333333 0.028645833333333332 0.06944444444444445
0 0.97265625 0.44965277777777773 0.0546875 0.07291666666666666
