0 0.29557291666666663 0.421875 0.033854166666666664 0.06597222222222222
0 0.34635416666666663 0.37152777777777773 0.015625 0.048611111111111105
0 0.3606770833333333 0.3680555555555555 0.013020833333333332 0.048611111111111105
0 0.5234375 0.4131944444444444 0.020833333333333332 0.07638888888888888
0 0.390625 0.5243055555555556 0.020833333333333332 0.10416666666666666
0 0.44010416666666663 0.5208333333333333 0.026041666666666664 0.10416666666666666
0 0.3958333333333333 0.4461805555555555 0.026041666666666664 0.07291666666666666
0 0.42578125 0.453125 0.0234375 0.0798611111111111
0 0.71484375 0.5399305555555556 0.0390625 0.1284722222222222
0 0.921875 0.7152777777777778 0.078125 0.15277777777777776
0 0.921875 0.6336805555555555 0.041666666666666664 0.06597222222222222
