0 0.76171875 0.5381944444444444 0.0390625 0.13194444444444445
0 0.7278645833333333 0.546875 0.028645833333333332 0.11458333333333333
0 0.64453125 0.5399305555555556 0.0390625 0.12152777777777778
0 0.5950520833333333 0.5451388888888888 0.0390625 0.13194444444444445
0 0.7682291666666666 0.4149305555555555 0.026041666666666664 0.09375
0 0.7200520833333333 0.4253472222222222 0.0234375 0.0798611111111111
0 0.31119791666666663 0.3645833333333333 0.013020833333333332 0.0625
0 0.3359375 0.3663194444444444 0.020833333333333332 0.06597222222222222
0 0.3567708333333333 0.3680555555555555 0.015625 0.0625
0 0.66015625 0.3958333333333333 0.018229166666666664 0.07638888888888888
0 0.6783854166666666 0.40277777777777773 0.013020833333333332 0.07638888888888888
0 0.6927083333333333 0.421875 0.020833333333333332 0.10069444444444443
