0 0.328125 0.4305555555555555 0.020833333333333332 0.08333333333333333
0 0.4375 0.4461805555555555 0.03125 0.09375
0 0.6341145833333333 0.4739583333333333 0.0234375 0.09375
0 0.7786458333333333 0.4583333333333333 0.03125 0.10416666666666666
0 0.9791666666666666 0.767361111111111 0.041666666666666664 0.20138888888888887
0 0.66796875 0.46354166666666663 0.028645833333333332 0.08680555555555555
0 0.7291666666666666 0.46527777777777773 0.03125 0.1111111111111111
0 0.6770833333333333 0.5572916666666666 0.041666666666666664 0.1423611111111111
0 0.7200520833333333 0.5572916666666666 0.033854166666666664 0.11458333333333333
0 0.77734375 0.6128472222222222 0.04427083333333333 0.14930555555555555
0 0.9114583333333333 0.6128472222222222 0.03125 0.1423611111111111
0 0.87890625 0.6163194444444444 0.0390625 0.15625
0 0.8411458333333333 0.6232638888888888 0.041666666666666664 0.13541666666666666
