0 0.78125 0.689236111111111 0.046875 0.1423611111111111
0 0.8255208333333333 0.7100694444444444 0.03645833333333333 0.10069444444444443
0 0.8216145833333333 0.6614583333333333 0.0390625 0.09375
0 0.88671875 0.4288194444444444 0.033854166666666664 0.10069444444444443
0 0.6471354166666666 0.5190972222222222 0.033854166666666664 0.1284722222222222
0 0.703125 0.517361111111111 0.026041666666666664 0.1111111111111111
0 0.7330729166666666 0.5190972222222222 0.033854166666666664 0.12152777777777778
0 0.8255208333333333 0.5208333333333333 0.03125 0.125
0 0.8046875 0.5190972222222222 0.015625 0.08680555555555555
0 0.7890625 0.517361111111111 0.020833333333333332 0.11805555555555555
0 0.7669270833333333 0.5121527777777778 0.0234375 0.10763888888888888
0 0.7369791666666666 0.40451388888888884 0.020833333333333332 0.08680555555555555
0 0.7174479166666666 0.4114583333333333 0.018229166666666664 0.0798611111111111
0 0.6888020833333333 0.41666666666666663 0.028645833333333332 0.09027777777777778
0 0.65625 0.41666666666666663 0.026041666666666664 0.09027777777777778
