0 0.25 0.453125 0.026041666666666664 0.07291666666666666
0 0.2890625 0.44965277777777773 0.026041666666666664 0.08680555555555555
0 0.61328125 0.3802083333333333 0.0234375 0.07291666666666666
0 0.5963541666666666 0.4392361111111111 0.03125 0.10069444444444443
0 0.5677083333333333 0.40104166666666663 0.020833333333333332 0.07291666666666666
0 0.4427083333333333 0.40104166666666663 0.020833333333333332 0.07291666666666666
0 0.41796875 0.3993055555555555 0.018229166666666664 0.06944444444444445
0 0.39453125 0.40277777777777773 0.0234375 0.07638888888888888
0 0.37109375 0.390625 0.018229166666666664 0.06597222222222222
0 0.3528645833333333 0.38715277777777773 0.018229166666666664 0.06597222222222222
0 0.328125 0.38715277777777773 0.020833333333333332 0.07291666666666666
