0 0.39713541666666663 0.3368055555555555 0.018229166666666664 0.034722222222222224
0 0.3372395833333333 0.3993055555555555 0.018229166666666664 0.0625
0 0.4140625 0.4131944444444444 0.020833333333333332 0.06944444444444445
0 0.5169270833333333 0.5381944444444444 0.028645833333333332 0.08333333333333333
0 0.8736979166666666 0.6059027777777778 0.0390625 0.14930555555555555
0 0.8294270833333333 0.6076388888888888 0.0390625 0.14583333333333331
0 0.66796875 0.5711805555555555 0.033854166666666664 0.1284722222222222
0 0.6979166666666666 0.5694444444444444 0.03645833333333333 0.125
0 0.7369791666666666 0.609375 0.03645833333333333 0.14930555555555555
0 0.7721354166666666 0.6041666666666666 0.0390625 0.14583333333333331
