0 0.23958333333333331 0.43576388888888884 0.020833333333333332 0.0798611111111111
0 0.26432291666666663 0.4375 0.028645833333333332 0.09027777777777778
0 0.28776041666666663 0.3680555555555555 0.018229166666666664 0.0625
0 0.3684895833333333 0.43576388888888884 0.0234375 0.07291666666666666
0 0.44401041666666663 0.4288194444444444 0.0234375 0.0798611111111111
0 0.41796875 0.3993055555555555 0.018229166666666664 0.06944444444444445
0 0.3997395833333333 0.3993055555555555 0.018229166666666664 0.06944444444444445
0 0.53125 0.4444444444444444 0.020833333333333332 0.09027777777777778
0 0.5768229166666666 0.4375 0.028645833333333332 0.09722222222222221
0 0.6705729166666666 0.532986111111111 0.0390625 0.12152777777777778
0 0.7083333333333333 0.578125 0.041666666666666664 0.1284722222222222
0 0.7265625 0.5 0.03125 0.11805555555555555
0 0.7604166666666666 0.5052083333333333 0.03125 0.10069444444444443
0 0.7942708333333333 0.6944444444444444 0.05208333333333333 0.16666666666666666
0 0.8515625 0.6944444444444444 0.057291666666666664 0.18055555555555555
0 0.8567708333333333 0.5833333333333333 0.03645833333333333 0.1388888888888889
