0 0.9635416666666666 0.7552083333333333 0.06770833333333333 0.2048611111111111
0 0.2981770833333333 0.6336805555555555 0.028645833333333332 0.1423611111111111
0 0.32291666666666663 0.6232638888888888 0.026041666666666664 0.15625
0 0.35026041666666663 0.6649305555555555 0.0234375 0.0798611111111111
0 0.3411458333333333 0.4583333333333333 0.026041666666666664 0.08333333333333333
0 0.36197916666666663 0.4565972222222222 0.020833333333333332 0.08680555555555555
0 0.44010416666666663 0.43576388888888884 0.03125 0.08680555555555555
0 0.6197916666666666 0.35416666666666663 0.020833333333333332 0.0625
0 0.6875 0.40277777777777773 0.020833333333333332 0.07638888888888888
0 0.7083333333333333 0.41840277777777773 0.015625 0.05208333333333333
