0 0.6484375 0.4618055555555555 0.03125 0.10416666666666666
0 0.6380208333333333 0.38888888888888884 0.026041666666666664 0.07638888888888888
0 0.40885416666666663 0.38888888888888884 0.020833333333333332 0.06944444444444445
0 0.38541666666666663 0.390625 0.015625 0.06597222222222222
0 0.36588541666666663 0.3940972222222222 0.0234375 0.07291666666666666
0 0.34635416666666663 0.3784722222222222 0.015625 0.05555555555555555
0 0.31510416666666663 0.38888888888888884 0.015625 0.0625
0 0.328125 0.3819444444444444 0.015625 0.0625
0 0.28776041666666663 0.4392361111111111 0.028645833333333332 0.0798611111111111
0 0.234375 0.4444444444444444 0.026041666666666664 0.07638888888888888
