0 0.3294270833333333 0.35590277777777773 0.018229166666666664 0.059027777777777776
0 0.4296875 0.38541666666666663 0.020833333333333332 0.0625
0 0.5403645833333333 0.390625 0.028645833333333332 0.07291666666666666
0 0.6380208333333333 0.37152777777777773 0.020833333333333332 0.07638888888888888
0 0.6119791666666666 0.5815972222222222 0.03125 0.13541666666666666
0 0.6627604166666666 0.5763888888888888 0.033854166666666664 0.1388888888888889
0 0.68359375 0.4079861111111111 0.0234375 0.09375
0 0.7018229166666666 0.4253472222222222 0.013020833333333332 0.05208333333333333
0 0.7122395833333333 0.40277777777777773 0.018229166666666664 0.09027777777777778
0 0.7317708333333333 0.4131944444444444 0.020833333333333332 0.06944444444444445
0 0.7005208333333333 0.5190972222222222 0.03125 0.10763888888888888
0 0.7317708333333333 0.5138888888888888 0.03125 0.11805555555555555
