0 0.375 0.8003472222222222 0.041666666666666664 0.18402777777777776
0 0.39322916666666663 0.78125 0.03645833333333333 0.18055555555555555
0 0.3880208333333333 0.6788194444444444 0.046875 0.05208333333333333
0 0.9296875 0.9513888888888888 0.078125 0.09722222222222221
0 0.8333333333333333 0.939236111111111 0.0625 0.12152777777777778
0 0.9036458333333333 0.4565972222222222 0.026041666666666664 0.0798611111111111
0 0.7877604166666666 0.6232638888888888 0.0546875 0.11458333333333333
0 0.7890625 0.3993055555555555 0.026041666666666664 0.07638888888888888
0 0.6588541666666666 0.4600694444444444 0.026041666666666664 0.10069444444444443
0 0.7552083333333333 0.4131944444444444 0.020833333333333332 0.07638888888888888
0 0.7200520833333333 0.4114583333333333 0.028645833333333332 0.0798611111111111
0 0.6901041666666666 0.4131944444444444 0.026041666666666664 0.07638888888888888
