0 0.3528645833333333 0.3836805555555555 0.0234375 0.06597222222222222
0 0.375 0.3767361111111111 0.020833333333333332 0.059027777777777776
0 0.73046875 0.4079861111111111 0.018229166666666664 0.0798611111111111
0 0.7447916666666666 0.40451388888888884 0.015625 0.07291666666666666
0 0.5807291666666666 0.595486111111111 0.03645833333333333 0.1284722222222222
0 0.6197916666666666 0.595486111111111 0.03645833333333333 0.1284722222222222
0 0.6861979166666666 0.5590277777777778 0.033854166666666664 0.13194444444444445
0 0.7213541666666666 0.5572916666666666 0.03645833333333333 0.13541666666666666
0 0.5859375 0.828125 0.03125 0.10763888888888888
0 0.6432291666666666 0.765625 0.05208333333333333 0.19791666666666666
