0 0.3059895833333333 0.3819444444444444 0.013020833333333332 0.0625
0 0.36588541666666663 0.38715277777777773 0.018229166666666664 0.07291666666666666
0 0.3919270833333333 0.390625 0.0234375 0.059027777777777776
0 0.5078125 0.4079861111111111 0.020833333333333332 0.07291666666666666
0 0.6940104166666666 0.4097222222222222 0.028645833333333332 0.08333333333333333
0 0.7330729166666666 0.5763888888888888 0.04427083333333333 0.1388888888888889
0 0.8658854166666666 0.861111111111111 0.0703125 0.21527777777777776
0 0.984375 0.6788194444444444 0.03125 0.17013888888888887
0 0.9622395833333333 0.5972222222222222 0.018229166666666664 0.041666666666666664
0 0.9518229166666666 0.6822916666666666 0.0390625 0.17708333333333331
0 0.9114583333333333 0.6597222222222222 0.041666666666666664 0.18055555555555555
