0 0.6966145833333333 0.48263888888888884 0.033854166666666664 0.125
0 0.5104166666666666 0.4114583333333333 0.015625 0.06597222222222222
0 0.41015625 0.3802083333333333 0.018229166666666664 0.07291666666666666
0 0.39322916666666663 0.3958333333333333 0.015625 0.05555555555555555
0 0.375 0.3940972222222222 0.020833333333333332 0.05208333333333333
0 0.3880208333333333 0.3611111111111111 0.015625 0.027777777777777776
0 0.3645833333333333 0.375 0.015625 0.05555555555555555
0 0.3138020833333333 0.36979166666666663 0.018229166666666664 0.05208333333333333
0 0.33203125 0.375 0.018229166666666664 0.0625
0 0.35026041666666663 0.3767361111111111 0.013020833333333332 0.059027777777777776
0 0.33984375 0.3368055555555555 0.018229166666666664 0.020833333333333332
