0 0.8802083333333333 0.609375 0.041666666666666664 0.14930555555555555
0 0.8346354166666666 0.6128472222222222 0.049479166666666664 0.15625
0 0.74609375 0.5434027777777778 0.0390625 0.12152777777777778
0 0.7122395833333333 0.5503472222222222 0.033854166666666664 0.11458333333333333
0 0.3255208333333333 0.47916666666666663 0.03125 0.09722222222222221
0 0.5377604166666666 0.5052083333333333 0.033854166666666664 0.10069444444444443
0 0.5716145833333333 0.501736111111111 0.0390625 0.10763888888888888
0 0.6328125 0.49826388888888884 0.026041666666666664 0.10069444444444443
0 0.6588541666666666 0.4305555555555555 0.03125 0.09027777777777778
0 0.2864583333333333 0.37152777777777773 0.015625 0.05555555555555555
0 0.3098958333333333 0.3628472222222222 0.020833333333333332 0.059027777777777776
0 0.3294270833333333 0.3802083333333333 0.018229166666666664 0.059027777777777776
0 0.34765625 0.3767361111111111 0.018229166666666664 0.06597222222222222
