0 0.7942708333333333 0.579861111111111 0.05208333333333333 0.1388888888888889
0 0.7213541666666666 0.5920138888888888 0.046875 0.1423611111111111
0 0.40104166666666663 0.4548611111111111 0.026041666666666664 0.06944444444444445
0 0.3997395833333333 0.38888888888888884 0.0234375 0.05555555555555555
0 0.32291666666666663 0.3958333333333333 0.020833333333333332 0.0625
0 0.34765625 0.3836805555555555 0.018229166666666664 0.06597222222222222
0 0.7057291666666666 0.5034722222222222 0.03645833333333333 0.09722222222222221
0 0.7122395833333333 0.44965277777777773 0.033854166666666664 0.03819444444444444
0 0.6627604166666666 0.375 0.018229166666666664 0.06944444444444445
0 0.63671875 0.37152777777777773 0.018229166666666664 0.06944444444444445
