0 0.31510416666666663 0.4097222222222222 0.026041666666666664 0.08333333333333333
0 0.7265625 0.515625 0.03125 0.13541666666666666
0 0.6966145833333333 0.5295138888888888 0.028645833333333332 0.11458333333333333
0 0.5625 0.5052083333333333 0.03645833333333333 0.12152777777777778
0 0.5377604166666666 0.40451388888888884 0.028645833333333332 0.0798611111111111
0 0.5885416666666666 0.4097222222222222 0.026041666666666664 0.07638888888888888
0 0.72265625 0.4131944444444444 0.028645833333333332 0.08333333333333333
0 0.6692708333333333 0.4583333333333333 0.03125 0.09722222222222221
0 0.6458333333333333 0.484375 0.015625 0.04513888888888889
0 0.6302083333333333 0.4618055555555555 0.020833333333333332 0.09722222222222221
