0 0.44010416666666663 0.4149305555555555 0.026041666666666664 0.08680555555555555
0 0.5716145833333333 0.3802083333333333 0.018229166666666664 0.07291666666666666
0 0.5872395833333333 0.3784722222222222 0.018229166666666664 0.06944444444444445
0 0.60546875 0.3767361111111111 0.018229166666666664 0.06597222222222222
0 0.6236979166666666 0.3819444444444444 0.018229166666666664 0.0625
0 0.6432291666666666 0.4739583333333333 0.026041666666666664 0.09375
0 0.6705729166666666 0.46527777777777773 0.033854166666666664 0.1111111111111111
0 0.6705729166666666 0.578125 0.0390625 0.1284722222222222
0 0.7096354166666666 0.578125 0.033854166666666664 0.1284722222222222
0 0.7109375 0.40625 0.015625 0.08333333333333333
0 0.7200520833333333 0.40625 0.0234375 0.09722222222222221
0 0.7486979166666666 0.40451388888888884 0.018229166666666664 0.0798611111111111
