0 0.9752604166666666 0.6649305555555555 0.04427083333333333 0.13541666666666666
0 0.8736979166666666 0.6909722222222222 0.0546875 0.1736111111111111
0 0.8255208333333333 0.6979166666666666 0.046875 0.16666666666666666
0 0.71484375 0.6163194444444444 0.04427083333333333 0.16319444444444445
0 0.7916666666666666 0.6666666666666666 0.03125 0.15277777777777776
0 0.76171875 0.6666666666666666 0.0390625 0.15277777777777776
0 0.75390625 0.5694444444444444 0.028645833333333332 0.05555555555555555
0 0.7877604166666666 0.5625 0.04427083333333333 0.0625
0 0.54296875 0.4739583333333333 0.028645833333333332 0.10069444444444443
0 0.5794270833333333 0.4739583333333333 0.0234375 0.09375
0 0.3723958333333333 0.4375 0.020833333333333332 0.08333333333333333
0 0.390625 0.4444444444444444 0.015625 0.09027777777777778
0 0.4075520833333333 0.4392361111111111 0.018229166666666664 0.10069444444444443
0 0.60546875 0.4409722222222222 0.028645833333333332 0.09027777777777778
0 0.6276041666666666 0.4375 0.020833333333333332 0.09027777777777778
0 0.6236979166666666 0.37152777777777773 0.0234375 0.034722222222222224
0 0.65234375 0.4131944444444444 0.0234375 0.08333333333333333
0 0.6796875 0.4097222222222222 0.015625 0.08333333333333333
