0 0.28385416666666663 0.3611111111111111 0.015625 0.05555555555555555
0 0.38151041666666663 0.6336805555555555 0.028645833333333332 0.13541666666666666
0 0.4192708333333333 0.6753472222222222 0.046875 0.14930555555555555
0 0.4270833333333333 0.48090277777777773 0.026041666666666664 0.09375
0 0.5690104166666666 0.4878472222222222 0.018229166666666664 0.059027777777777776
0 0.5911458333333333 0.46354166666666663 0.026041666666666664 0.10069444444444443
0 0.6263020833333333 0.4270833333333333 0.018229166666666664 0.09027777777777778
0 0.64453125 0.40625 0.018229166666666664 0.041666666666666664
0 0.6471354166666666 0.46875 0.0234375 0.09027777777777778
0 0.91796875 0.6163194444444444 0.049479166666666664 0.17013888888888887
