0 0.8111979166666666 0.7395833333333333 0.049479166666666664 0.1875
0 0.7552083333333333 0.75 0.057291666666666664 0.1875
0 0.35807291666666663 0.5260416666666666 0.033854166666666664 0.10763888888888888
0 0.71875 0.3993055555555555 0.020833333333333332 0.08333333333333333
0 0.78125 0.42013888888888884 0.020833333333333332 0.10416666666666666
0 0.7838541666666666 0.5069444444444444 0.03125 0.10416666666666666
0 0.8059895833333333 0.5815972222222222 0.049479166666666664 0.12152777777777778
0 0.8515625 0.5989583333333333 0.041666666666666664 0.13541666666666666
0 0.8033854166666666 0.5850694444444444 0.04427083333333333 0.11458333333333333
0 0.84765625 0.5034722222222222 0.0234375 0.048611111111111105
0 0.78515625 0.5069444444444444 0.033854166666666664 0.1111111111111111
0 0.5364583333333333 0.40104166666666663 0.026041666666666664 0.0798611111111111
0 0.5299479166666666 0.3420138888888889 0.018229166666666664 0.04513888888888889
0 0.5078125 0.3524305555555555 0.020833333333333332 0.059027777777777776
0 0.44010416666666663 0.40277777777777773 0.015625 0.06944444444444445
0 0.40885416666666663 0.41666666666666663 0.026041666666666664 0.08333333333333333
0 0.37760416666666663 0.41840277777777773 0.026041666666666664 0.09375
0 0.35807291666666663 0.4131944444444444 0.018229166666666664 0.06944444444444445
0 0.34244791666666663 0.4097222222222222 0.018229166666666664 0.07638888888888888
0 0.32421875 0.4131944444444444 0.018229166666666664 0.07638888888888888
0 0.2786458333333333 0.3993055555555555 0.015625 0.06944444444444445
