0 0.3359375 0.390625 0.020833333333333332 0.059027777777777776
0 0.38541666666666663 0.38541666666666663 0.026041666666666664 0.05555555555555555
0 0.5364583333333333 0.501736111111111 0.03645833333333333 0.10069444444444443
0 0.5755208333333333 0.5 0.03125 0.1111111111111111
0 0.59375 0.43576388888888884 0.026041666666666664 0.07291666666666666
0 0.62109375 0.4461805555555555 0.028645833333333332 0.08680555555555555
0 0.72265625 0.5225694444444444 0.0390625 0.11458333333333333
0 0.8723958333333333 0.7152777777777778 0.046875 0.1736111111111111
0 0.7591145833333333 0.4409722222222222 0.0234375 0.08333333333333333
0 0.7981770833333333 0.43576388888888884 0.028645833333333332 0.09375
