0 0.28385416666666663 0.35416666666666663 0.010416666666666666 0.0625
0 0.29947916666666663 0.4253472222222222 0.026041666666666664 0.0798611111111111
0 0.3528645833333333 0.3923611111111111 0.018229166666666664 0.06944444444444445
0 0.3684895833333333 0.38888888888888884 0.018229166666666664 0.0625
0 0.53125 0.4305555555555555 0.020833333333333332 0.08333333333333333
0 0.546875 0.4548611111111111 0.020833333333333332 0.08333333333333333
0 0.5716145833333333 0.44965277777777773 0.028645833333333332 0.09375
0 0.64453125 0.4253472222222222 0.0234375 0.09375
0 0.7018229166666666 0.47916666666666663 0.033854166666666664 0.08333333333333333
0 0.7408854166666666 0.49479166666666663 0.033854166666666664 0.10763888888888888
0 0.671875 0.5815972222222222 0.041666666666666664 0.12152777777777778
0 0.7122395833333333 0.5763888888888888 0.0390625 0.11805555555555555
