0 0.9375 0.720486111111111 0.057291666666666664 0.1909722222222222
0 0.875 0.609375 0.03645833333333333 0.15625
0 0.8411458333333333 0.609375 0.03645833333333333 0.15625
0 0.7018229166666666 0.6163194444444444 0.04427083333333333 0.13541666666666666
0 0.7552083333333333 0.3940972222222222 0.026041666666666664 0.09375
0 0.6861979166666666 0.42013888888888884 0.0234375 0.08333333333333333
0 0.62109375 0.3940972222222222 0.018229166666666664 0.08680555555555555
0 0.3125 0.375 0.015625 0.0625
0 0.32421875 0.3993055555555555 0.018229166666666664 0.06944444444444445
0 0.3684895833333333 0.3680555555555555 0.018229166666666664 0.05555555555555555
0 0.35807291666666663 0.4236111111111111 0.018229166666666664 0.06944444444444445
0 0.3802083333333333 0.4236111111111111 0.020833333333333332 0.07638888888888888
