0 0.3450520833333333 0.4114583333333333 0.0234375 0.03819444444444444
0 0.34375 0.4618055555555555 0.020833333333333332 0.08333333333333333
0 0.36197916666666663 0.4583333333333333 0.020833333333333332 0.08333333333333333
0 0.5494791666666666 0.5225694444444444 0.03125 0.12152777777777778
0 0.5859375 0.515625 0.03645833333333333 0.12152777777777778
0 0.6588541666666666 0.7170138888888888 0.046875 0.16319444444444445
0 0.75390625 0.6961805555555555 0.049479166666666664 0.18402777777777776
0 0.796875 0.6475694444444444 0.03125 0.13541666666666666
0 0.81640625 0.7065972222222222 0.0390625 0.18402777777777776
0 0.8528645833333333 0.6180555555555555 0.033854166666666664 0.05555555555555555
0 0.8567708333333333 0.7083333333333333 0.046875 0.1736111111111111
0 0.8984375 0.6371527777777778 0.03645833333333333 0.0798611111111111
0 0.9114583333333333 0.6875 0.05208333333333333 0.1111111111111111
0 0.95703125 0.7118055555555555 0.04427083333333333 0.19444444444444442
0 0.875 0.8489583333333333 0.057291666666666664 0.23263888888888887
0 0.9205729166666666 0.829861111111111 0.0546875 0.2361111111111111
