0 0.3723958333333333 0.4253472222222222 0.03125 0.08680555555555555
0 0.4348958333333333 0.3819444444444444 0.020833333333333332 0.0625
0 0.51953125 0.3923611111111111 0.0234375 0.07638888888888888
0 0.6184895833333333 0.5572916666666666 0.033854166666666664 0.1284722222222222
0 0.74609375 0.5746527777777778 0.0234375 0.14930555555555555
0 0.76953125 0.5711805555555555 0.018229166666666664 0.14930555555555555
0 0.7877604166666666 0.5711805555555555 0.0234375 0.13541666666666666
0 0.81640625 0.5677083333333333 0.033854166666666664 0.13541666666666666
0 0.8424479166666666 0.5711805555555555 0.028645833333333332 0.14930555555555555
0 0.8671875 0.5868055555555555 0.03125 0.14583333333333331
