0 0.44010416666666663 0.6302083333333333 0.03125 0.13541666666666666
0 0.7369791666666666 0.48090277777777773 0.03645833333333333 0.10763888888888888
0 0.32682291666666663 0.40451388888888884 0.018229166666666664 0.07291666666666666
0 0.3098958333333333 0.40104166666666663 0.015625 0.03125
0 0.71484375 0.59375 0.0390625 0.1388888888888889
0 0.74609375 0.640625 0.0390625 0.15625
0 0.7942708333333333 0.564236111111111 0.03645833333333333 0.12152777777777778
0 0.83203125 0.5572916666666666 0.033854166666666664 0.12152777777777778
0 0.80859375 0.6614583333333333 0.04427083333333333 0.14930555555555555
0 0.8528645833333333 0.6510416666666666 0.04427083333333333 0.16319444444444445
