0 0.33984375 0.5086805555555556 0.028645833333333332 0.03819444444444444
0 0.3177083333333333 0.3732638888888889 0.015625 0.059027777777777776
0 0.33854166666666663 0.3732638888888889 0.020833333333333332 0.059027777777777776
0 0.35807291666666663 0.375 0.018229166666666664 0.0625
0 0.515625 0.3993055555555555 0.026041666666666664 0.07638888888888888
0 0.53515625 0.40625 0.018229166666666664 0.05555555555555555
0 0.5520833333333333 0.3940972222222222 0.020833333333333332 0.07291666666666666
0 0.6888020833333333 0.40277777777777773 0.028645833333333332 0.09027777777777778
0 0.73828125 0.3975694444444444 0.018229166666666664 0.0798611111111111
0 0.9518229166666666 0.6336805555555555 0.0703125 0.17013888888888887
