0 0.35416666666666663 0.4097222222222222 0.026041666666666664 0.08333333333333333
0 0.5 0.4079861111111111 0.020833333333333332 0.07291666666666666
0 0.4375 0.7222222222222222 0.057291666666666664 0.18055555555555555
0 0.5546875 0.75 0.057291666666666664 0.20138888888888887
0 0.6458333333333333 0.7638888888888888 0.046875 0.1875
0 0.7161458333333333 0.4930555555555555 0.03125 0.1111111111111111
0 0.8645833333333333 0.4618055555555555 0.026041666666666664 0.09722222222222221
0 0.7317708333333333 0.6684027777777778 0.05208333333333333 0.16319444444444445
0 0.90234375 0.65625 0.0546875 0.16666666666666666
0 0.9895833333333333 0.6493055555555555 0.020833333333333332 0.18055555555555555
