0 0.7057291666666666 0.8871527777777777 0.05208333333333333 0.22569444444444442
0 0.75 0.8559027777777777 0.057291666666666664 0.24652777777777776
0 0.5221354166666666 0.4305555555555555 0.0234375 0.048611111111111105
0 0.3919270833333333 0.3767361111111111 0.013020833333333332 0.03125
0 0.375 0.375 0.015625 0.034722222222222224
0 0.3567708333333333 0.3802083333333333 0.010416666666666666 0.03819444444444444
0 0.31119791666666663 0.375 0.013020833333333332 0.041666666666666664
0 0.3294270833333333 0.375 0.0078125 0.034722222222222224
0 0.31901041666666663 0.3680555555555555 0.013020833333333332 0.05555555555555555
0 0.34375 0.3767361111111111 0.015625 0.04513888888888889
0 0.34765625 0.3524305555555555 0.013020833333333332 0.024305555555555552
