0 0.8997395833333333 0.6458333333333333 0.0390625 0.14583333333333331
0 0.8515625 0.640625 0.046875 0.17013888888888887
0 0.703125 0.6388888888888888 0.05208333333333333 0.14583333333333331
0 0.703125 0.5243055555555556 0.03645833333333333 0.09027777777777778
0 0.59375 0.517361111111111 0.03645833333333333 0.11805555555555555
0 0.6328125 0.5243055555555556 0.03645833333333333 0.10416666666666666
0 0.7109375 0.453125 0.03645833333333333 0.059027777777777776
0 0.7200520833333333 0.40625 0.018229166666666664 0.09027777777777778
0 0.7356770833333333 0.40451388888888884 0.0234375 0.08680555555555555
0 0.3098958333333333 0.3993055555555555 0.015625 0.034722222222222224
0 0.32682291666666663 0.4079861111111111 0.018229166666666664 0.07291666666666666
