0 0.2890625 0.3628472222222222 0.015625 0.059027777777777776
0 0.3450520833333333 0.4114583333333333 0.018229166666666664 0.06597222222222222
0 0.6197916666666666 0.3958333333333333 0.020833333333333332 0.08333333333333333
0 0.7526041666666666 0.40625 0.026041666666666664 0.09027777777777778
0 0.7486979166666666 0.7013888888888888 0.049479166666666664 0.19444444444444442
0 0.9765625 0.8697916666666666 0.046875 0.2534722222222222
0 0.9075520833333333 0.8854166666666666 0.0546875 0.22916666666666666
0 0.8736979166666666 0.7170138888888888 0.0703125 0.17708333333333331
0 0.84375 0.6076388888888888 0.03645833333333333 0.1388888888888889
0 0.8229166666666666 0.5434027777777778 0.03645833333333333 0.1284722222222222
0 0.7838541666666666 0.38541666666666663 0.015625 0.048611111111111105
