0 0.5729166666666666 0.4097222222222222 0.026041666666666664 0.08333333333333333
0 0.59375 0.4097222222222222 0.015625 0.07638888888888888
0 0.64453125 0.44965277777777773 0.0390625 0.09375
0 0.8177083333333333 0.5694444444444444 0.041666666666666664 0.14583333333333331
0 0.734375 0.7934027777777777 0.057291666666666664 0.19791666666666666
0 0.7877604166666666 0.829861111111111 0.033854166666666664 0.1597222222222222
0 0.8111979166666666 0.75 0.05989583333333333 0.19444444444444442
0 0.8671875 0.7395833333333333 0.046875 0.1736111111111111
0 0.9036458333333333 0.734375 0.03645833333333333 0.1909722222222222
0 0.9322916666666666 0.6996527777777778 0.041666666666666664 0.18402777777777776
