0 0.9817708333333333 0.7743055555555555 0.03645833333333333 0.1875
0 0.8372395833333333 0.517361111111111 0.0234375 0.11805555555555555
0 0.8046875 0.5225694444444444 0.03645833333333333 0.11458333333333333
0 0.31510416666666663 0.5277777777777778 0.03125 0.10416666666666666
0 0.5234375 0.4913194444444444 0.03125 0.08680555555555555
0 0.5677083333333333 0.501736111111111 0.03125 0.10763888888888888
0 0.7239583333333333 0.38715277777777773 0.015625 0.06597222222222222
0 0.7395833333333333 0.37152777777777773 0.020833333333333332 0.027777777777777776
0 0.3919270833333333 0.36979166666666663 0.013020833333333332 0.059027777777777776
0 0.37890625 0.3680555555555555 0.018229166666666664 0.0625
0 0.3098958333333333 0.40625 0.020833333333333332 0.06944444444444445
0 0.2890625 0.4079861111111111 0.020833333333333332 0.07291666666666666
