0 0.3333333333333333 0.3975694444444444 0.020833333333333332 0.07291666666666666
0 0.3958333333333333 0.4427083333333333 0.03645833333333333 0.0798611111111111
0 0.4505208333333333 0.41666666666666663 0.015625 0.07638888888888888
0 0.6666666666666666 0.4149305555555555 0.015625 0.08680555555555555
0 0.6796875 0.4149305555555555 0.015625 0.09375
0 0.6979166666666666 0.4114583333333333 0.020833333333333332 0.08680555555555555
0 0.7213541666666666 0.4114583333333333 0.026041666666666664 0.09375
0 0.7747395833333333 0.5833333333333333 0.033854166666666664 0.13194444444444445
0 0.82421875 0.5833333333333333 0.049479166666666664 0.1388888888888889
0 0.8229166666666666 0.8055555555555555 0.057291666666666664 0.1875
