0 0.6770833333333333 0.5243055555555556 0.03645833333333333 0.0625
0 0.6927083333333333 0.3923611111111111 0.026041666666666664 0.06944444444444445
0 0.51953125 0.37152777777777773 0.028645833333333332 0.0625
0 0.3203125 0.3819444444444444 0.020833333333333332 0.0625
0 0.45182291666666663 0.49652777777777773 0.013020833333333332 0.08333333333333333
0 0.44140625 0.4392361111111111 0.018229166666666664 0.0798611111111111
0 0.421875 0.3958333333333333 0.015625 0.06944444444444445
0 0.4075520833333333 0.4079861111111111 0.013020833333333332 0.06597222222222222
0 0.3880208333333333 0.40451388888888884 0.015625 0.059027777777777776
0 0.37109375 0.43576388888888884 0.0234375 0.08680555555555555
