0 0.984375 0.8177083333333333 0.03125 0.18402777777777776
0 0.890625 0.6024305555555555 0.046875 0.14930555555555555
0 0.6432291666666666 0.5711805555555555 0.041666666666666664 0.13541666666666666
0 0.6861979166666666 0.5260416666666666 0.04427083333333333 0.07291666666666666
0 0.72265625 0.5972222222222222 0.0390625 0.14583333333333331
0 0.68359375 0.6128472222222222 0.033854166666666664 0.12152777777777778
0 0.8580729166666666 0.65625 0.04427083333333333 0.16666666666666666
0 0.84765625 0.5711805555555555 0.028645833333333332 0.05208333333333333
0 0.8268229166666666 0.5729166666666666 0.0390625 0.14583333333333331
0 0.30859375 0.3975694444444444 0.013020833333333332 0.03125
0 0.328125 0.4097222222222222 0.015625 0.07638888888888888
