0 0.5611979166666666 0.48263888888888884 0.028645833333333332 0.10416666666666666
0 0.53125 0.484375 0.03125 0.10763888888888888
0 0.390625 0.4079861111111111 0.020833333333333332 0.06597222222222222
0 0.35416666666666663 0.4131944444444444 0.026041666666666664 0.06944444444444445
0 0.7513020833333333 0.40451388888888884 0.0234375 0.08680555555555555
0 0.63671875 0.38715277777777773 0.018229166666666664 0.05208333333333333
0 0.65625 0.421875 0.026041666666666664 0.08680555555555555
0 0.7265625 0.4114583333333333 0.015625 0.0798611111111111
0 0.6875 0.4131944444444444 0.015625 0.09027777777777778
0 0.7122395833333333 0.4114583333333333 0.013020833333333332 0.08680555555555555
0 0.69921875 0.4114583333333333 0.013020833333333332 0.0798611111111111
0 0.3919270833333333 0.3628472222222222 0.018229166666666664 0.05208333333333333
0 0.36588541666666663 0.3732638888888889 0.013020833333333332 0.059027777777777776
0 0.3763020833333333 0.3645833333333333 0.013020833333333332 0.048611111111111105
