0 0.3333333333333333 0.3732638888888889 0.020833333333333332 0.059027777777777776
0 0.578125 0.4270833333333333 0.026041666666666664 0.09027777777777778
0 0.59375 0.5034722222222222 0.026041666666666664 0.10416666666666666
0 0.6145833333333333 0.5555555555555556 0.03125 0.11805555555555555
0 0.6640625 0.41666666666666663 0.020833333333333332 0.08333333333333333
0 0.7044270833333333 0.41666666666666663 0.018229166666666664 0.08333333333333333
0 0.7200520833333333 0.40625 0.018229166666666664 0.08333333333333333
0 0.53125 0.5625 0.026041666666666664 0.125
0 0.5455729166666666 0.5052083333333333 0.033854166666666664 0.11458333333333333
0 0.69921875 0.5850694444444444 0.0390625 0.1423611111111111
0 0.7317708333333333 0.5833333333333333 0.03125 0.11805555555555555
0 0.7330729166666666 0.49826388888888884 0.033854166666666664 0.059027777777777776
0 0.80078125 0.5659722222222222 0.0390625 0.13194444444444445
