0 0.41796875 0.48090277777777773 0.0390625 0.10069444444444443
0 0.6158854166666666 0.7447916666666666 0.05989583333333333 0.1909722222222222
0 0.984375 0.7951388888888888 0.03125 0.20833333333333331
0 0.34244791666666663 0.38888888888888884 0.018229166666666664 0.06944444444444445
0 0.3203125 0.3923611111111111 0.020833333333333332 0.0625
0 0.7005208333333333 0.6909722222222222 0.041666666666666664 0.07638888888888888
0 0.7356770833333333 0.720486111111111 0.0546875 0.19791666666666666
0 0.953125 0.8663194444444444 0.057291666666666664 0.15625
0 0.8958333333333333 0.829861111111111 0.06770833333333333 0.2222222222222222
0 0.8763020833333333 0.7638888888888888 0.05989583333333333 0.21527777777777776
