0 0.296875 0.42013888888888884 0.03645833333333333 0.0625
0 0.3997395833333333 0.40104166666666663 0.0234375 0.06597222222222222
0 0.66015625 0.3923611111111111 0.0234375 0.08333333333333333
0 0.6796875 0.390625 0.015625 0.07291666666666666
0 0.7669270833333333 0.5694444444444444 0.0390625 0.1388888888888889
0 0.6861979166666666 0.5607638888888888 0.0390625 0.1284722222222222
0 0.6471354166666666 0.5625 0.033854166666666664 0.1388888888888889
0 0.5729166666666666 0.532986111111111 0.03125 0.10763888888888888
0 0.41796875 0.46527777777777773 0.018229166666666664 0.09027777777777778
0 0.43229166666666663 0.501736111111111 0.026041666666666664 0.12152777777777778
