0 0.2903645833333333 0.359375 0.013020833333333332 0.05208333333333333
0 0.3059895833333333 0.3611111111111111 0.0078125 0.05555555555555555
0 0.29947916666666663 0.421875 0.026041666666666664 0.059027777777777776
0 0.3828125 0.4427083333333333 0.026041666666666664 0.08680555555555555
0 0.49869791666666663 0.3836805555555555 0.0078125 0.06597222222222222
0 0.5169270833333333 0.3819444444444444 0.018229166666666664 0.0625
0 0.5221354166666666 0.4600694444444444 0.0234375 0.0798611111111111
0 0.5442708333333333 0.4548611111111111 0.026041666666666664 0.09027777777777778
0 0.8619791666666666 0.6475694444444444 0.046875 0.17013888888888887
0 0.8971354166666666 0.6493055555555555 0.033854166666666664 0.1597222222222222
0 0.9466145833333333 0.6510416666666666 0.033854166666666664 0.15625
0 0.9765625 0.6388888888888888 0.03645833333333333 0.16666666666666666
