0 0.9557291666666666 0.6597222222222222 0.046875 0.16666666666666666
0 0.7317708333333333 0.5885416666666666 0.03645833333333333 0.1284722222222222
0 0.6796875 0.595486111111111 0.041666666666666664 0.12152777777777778
0 0.9127604166666666 0.4548611111111111 0.028645833333333332 0.07638888888888888
0 0.59765625 0.3680555555555555 0.018229166666666664 0.0625
0 0.62109375 0.3645833333333333 0.018229166666666664 0.0625
0 0.8697916666666666 0.48090277777777773 0.020833333333333332 0.05208333333333333
0 0.8463541666666666 0.4722222222222222 0.03125 0.125
0 0.8190104166666666 0.49652777777777773 0.0234375 0.08333333333333333
0 0.7604166666666666 0.43576388888888884 0.03125 0.10069444444444443
0 0.73046875 0.43576388888888884 0.0234375 0.10069444444444443
0 0.6901041666666666 0.4392361111111111 0.015625 0.10763888888888888
0 0.671875 0.4427083333333333 0.026041666666666664 0.10763888888888888
