0 0.7005208333333333 0.5555555555555556 0.03125 0.125
0 0.7604166666666666 0.5520833333333333 0.046875 0.1388888888888889
0 0.35416666666666663 0.4565972222222222 0.026041666666666664 0.08680555555555555
0 0.40885416666666663 0.42013888888888884 0.020833333333333332 0.07638888888888888
0 0.43619791666666663 0.41840277777777773 0.018229166666666664 0.0798611111111111
0 0.5052083333333333 0.44965277777777773 0.020833333333333332 0.10069444444444443
0 0.7643229166666666 0.4409722222222222 0.0234375 0.09027777777777778
0 0.7005208333333333 0.40277777777777773 0.020833333333333332 0.08333333333333333
0 0.6588541666666666 0.40451388888888884 0.026041666666666664 0.08680555555555555
0 0.6197916666666666 0.4236111111111111 0.020833333333333332 0.07638888888888888
0 0.6002604166666666 0.4409722222222222 0.0234375 0.08333333333333333
0 0.5794270833333333 0.4409722222222222 0.018229166666666664 0.08333333333333333
0 0.7942708333333333 0.40104166666666663 0.015625 0.0798611111111111
