0 0.45182291666666663 0.75 0.0234375 0.1111111111111111
0 0.5885416666666666 0.35416666666666663 0.020833333333333332 0.0625
0 0.6432291666666666 0.6215277777777778 0.026041666666666664 0.06944444444444445
0 0.6223958333333333 0.6197916666666666 0.020833333333333332 0.07291666666666666
0 0.8880208333333333 0.6024305555555555 0.046875 0.14930555555555555
0 0.84375 0.6024305555555555 0.041666666666666664 0.14930555555555555
0 0.7356770833333333 0.6527777777777778 0.0390625 0.16666666666666666
0 0.8372395833333333 0.5295138888888888 0.033854166666666664 0.07291666666666666
0 0.7916666666666666 0.5503472222222222 0.041666666666666664 0.13541666666666666
0 0.7552083333333333 0.5347222222222222 0.03125 0.125
0 0.7239583333333333 0.5381944444444444 0.03125 0.09722222222222221
