0 0.8046875 0.6684027777777778 0.046875 0.14930555555555555
0 0.7473958333333333 0.6684027777777778 0.046875 0.16319444444444445
0 0.7721354166666666 0.5538194444444444 0.0390625 0.10069444444444443
0 0.7317708333333333 0.171875 0.03125 0.08680555555555555
0 0.51953125 0.421875 0.0234375 0.07291666666666666
0 0.5833333333333333 0.4114583333333333 0.03125 0.06597222222222222
0 0.6067708333333333 0.4600694444444444 0.03125 0.08680555555555555
0 0.29166666666666663 0.3611111111111111 0.015625 0.0625
0 0.41796875 0.3524305555555555 0.013020833333333332 0.059027777777777776
0 0.40625 0.3524305555555555 0.015625 0.059027777777777776
