0 0.6744791666666666 0.5225694444444444 0.041666666666666664 0.12152777777777778
0 0.7903645833333333 0.40104166666666663 0.028645833333333332 0.08680555555555555
0 0.24088541666666666 0.421875 0.0234375 0.06597222222222222
0 0.26432291666666663 0.42013888888888884 0.0234375 0.06944444444444445
0 0.3684895833333333 0.3802083333333333 0.018229166666666664 0.059027777777777776
0 0.33854166666666663 0.4149305555555555 0.020833333333333332 0.07291666666666666
0 0.3098958333333333 0.3784722222222222 0.010416666666666666 0.0625
0 0.31901041666666663 0.3680555555555555 0.013020833333333332 0.0625
0 0.35026041666666663 0.37152777777777773 0.013020833333333332 0.0625
0 0.3359375 0.3628472222222222 0.015625 0.04513888888888889
