0 0.66796875 0.5659722222222222 0.028645833333333332 0.11805555555555555
0 0.7161458333333333 0.5763888888888888 0.041666666666666664 0.1388888888888889
0 0.6419270833333333 0.6684027777777778 0.04427083333333333 0.16319444444444445
0 0.6940104166666666 0.6701388888888888 0.0546875 0.15277777777777776
0 0.7591145833333333 0.6302083333333333 0.04427083333333333 0.16319444444444445
0 0.7955729166666666 0.6197916666666666 0.0390625 0.14930555555555555
0 0.8033854166666666 0.6059027777777778 0.0390625 0.15625
0 0.8372395833333333 0.5989583333333333 0.0390625 0.10763888888888888
0 0.8489583333333333 0.6770833333333333 0.041666666666666664 0.16666666666666666
0 0.9127604166666666 0.673611111111111 0.049479166666666664 0.1597222222222222
