0 0.9635416666666666 0.798611111111111 0.057291666666666664 0.16666666666666666
0 0.9479166666666666 0.4427083333333333 0.03125 0.10069444444444443
0 0.9049479166666666 0.44965277777777773 0.028645833333333332 0.10763888888888888
0 0.6888020833333333 0.40277777777777773 0.0234375 0.08333333333333333
0 0.65625 0.40625 0.020833333333333332 0.08333333333333333
0 0.5963541666666666 0.4236111111111111 0.020833333333333332 0.09027777777777778
0 0.5611979166666666 0.4288194444444444 0.0234375 0.0798611111111111
0 0.5065104166666666 0.3784722222222222 0.013020833333333332 0.0625
0 0.3450520833333333 0.359375 0.018229166666666664 0.059027777777777776
0 0.2903645833333333 0.35416666666666663 0.013020833333333332 0.0625
