0 0.2903645833333333 0.359375 0.013020833333333332 0.059027777777777776
0 0.3059895833333333 0.359375 0.018229166666666664 0.05208333333333333
0 0.34765625 0.41666666666666663 0.0234375 0.08333333333333333
0 0.37369791666666663 0.4079861111111111 0.028645833333333332 0.08680555555555555
0 0.4036458333333333 0.4461805555555555 0.015625 0.05208333333333333
0 0.44140625 0.43402777777777773 0.0234375 0.08333333333333333
0 0.7135416666666666 0.4270833333333333 0.03125 0.1111111111111111
0 0.7434895833333333 0.4270833333333333 0.028645833333333332 0.09722222222222221
0 0.76953125 0.4565972222222222 0.028645833333333332 0.10763888888888888
0 0.7994791666666666 0.4131944444444444 0.015625 0.09722222222222221
0 0.8151041666666666 0.4548611111111111 0.03125 0.10416666666666666
