0 0.3372395833333333 0.3524305555555555 0.018229166666666664 0.059027777777777776
0 0.33203125 0.41666666666666663 0.0234375 0.06944444444444445
0 0.39453125 0.4565972222222222 0.018229166666666664 0.06597222222222222
0 0.40885416666666663 0.4583333333333333 0.015625 0.05555555555555555
0 0.4270833333333333 0.44965277777777773 0.026041666666666664 0.08680555555555555
0 0.44791666666666663 0.4565972222222222 0.020833333333333332 0.07291666666666666
0 0.5494791666666666 0.4913194444444444 0.03645833333333333 0.11458333333333333
0 0.5859375 0.44791666666666663 0.026041666666666664 0.09027777777777778
0 0.61328125 0.4392361111111111 0.028645833333333332 0.09375
0 0.8046875 0.4114583333333333 0.020833333333333332 0.09375
0 0.3841145833333333 0.6371527777777778 0.049479166666666664 0.16319444444444445
