0 0.2864583333333333 0.36979166666666663 0.015625 0.059027777777777776
0 0.30859375 0.3663194444444444 0.018229166666666664 0.059027777777777776
0 0.33203125 0.359375 0.018229166666666664 0.059027777777777776
0 0.3489583333333333 0.3611111111111111 0.015625 0.0625
0 0.35026041666666663 0.4427083333333333 0.028645833333333332 0.08680555555555555
0 0.40625 0.3993055555555555 0.020833333333333332 0.06944444444444445
0 0.42578125 0.3975694444444444 0.0234375 0.06597222222222222
0 0.3919270833333333 0.44791666666666663 0.028645833333333332 0.08333333333333333
0 0.421875 0.45138888888888884 0.026041666666666664 0.07638888888888888
0 0.6809895833333333 0.4079861111111111 0.018229166666666664 0.09375
0 0.6953125 0.4131944444444444 0.020833333333333332 0.08333333333333333
0 0.75 0.49479166666666663 0.03125 0.10069444444444443
0 0.76953125 0.579861111111111 0.04427083333333333 0.14583333333333331
