0 0.85546875 0.7013888888888888 0.0546875 0.18055555555555555
0 0.7161458333333333 0.5729166666666666 0.046875 0.125
0 0.6640625 0.6006944444444444 0.05208333333333333 0.15277777777777776
0 0.5989583333333333 0.41840277777777773 0.020833333333333332 0.06597222222222222
0 0.43359375 0.6927083333333333 0.0390625 0.15625
0 0.31510416666666663 0.3576388888888889 0.015625 0.048611111111111105
0 0.29947916666666663 0.4236111111111111 0.03645833333333333 0.0625
0 0.3997395833333333 0.38715277777777773 0.0234375 0.06597222222222222
0 0.38151041666666663 0.3836805555555555 0.018229166666666664 0.05208333333333333
0 0.42057291666666663 0.4739583333333333 0.0234375 0.08680555555555555
0 0.4427083333333333 0.4739583333333333 0.026041666666666664 0.10069444444444443
0 0.33072916666666663 0.5052083333333333 0.03645833333333333 0.10763888888888888
0 0.3684895833333333 0.5034722222222222 0.033854166666666664 0.11805555555555555
