0 0.56640625 0.7309027777777778 0.0546875 0.059027777777777776
0 0.8619791666666666 0.5902777777777778 0.046875 0.15277777777777776
0 0.6041666666666666 0.3489583333333333 0.020833333333333332 0.059027777777777776
0 0.64453125 0.6197916666666666 0.028645833333333332 0.06597222222222222
0 0.6236979166666666 0.6180555555555555 0.0234375 0.07638888888888888
0 0.8203125 0.59375 0.03645833333333333 0.1388888888888889
0 0.8138020833333333 0.532986111111111 0.033854166666666664 0.059027777777777776
0 0.7395833333333333 0.6510416666666666 0.03645833333333333 0.17013888888888887
0 0.7721354166666666 0.5625 0.0390625 0.1388888888888889
0 0.73046875 0.532986111111111 0.0390625 0.07291666666666666
0 0.76953125 0.5034722222222222 0.04427083333333333 0.05555555555555555
