0 0.8958333333333333 0.6302083333333333 0.05208333333333333 0.17013888888888887
0 0.8203125 0.5746527777777778 0.03645833333333333 0.13541666666666666
0 0.7734375 0.515625 0.03645833333333333 0.12152777777777778
0 0.7356770833333333 0.5538194444444444 0.0390625 0.12152777777777778
0 0.6809895833333333 0.5503472222222222 0.0234375 0.1284722222222222
0 0.7018229166666666 0.5190972222222222 0.028645833333333332 0.1284722222222222
0 0.5950520833333333 0.36979166666666663 0.018229166666666664 0.06597222222222222
0 0.5768229166666666 0.3680555555555555 0.018229166666666664 0.07638888888888888
0 0.74609375 0.4079861111111111 0.018229166666666664 0.08680555555555555
0 0.7890625 0.40104166666666663 0.010416666666666666 0.06597222222222222
0 0.7747395833333333 0.375 0.013020833333333332 0.034722222222222224
0 0.7604166666666666 0.3819444444444444 0.010416666666666666 0.020833333333333332
