0 0.58203125 0.4565972222222222 0.028645833333333332 0.0798611111111111
0 0.6106770833333333 0.4461805555555555 0.028645833333333332 0.09375
0 0.6901041666666666 0.4131944444444444 0.03125 0.07638888888888888
0 0.7252604166666666 0.4131944444444444 0.033854166666666664 0.07638888888888888
0 0.6979166666666666 0.6197916666666666 0.026041666666666664 0.10069444444444443
0 0.7239583333333333 0.6024305555555555 0.03125 0.1423611111111111
0 0.7591145833333333 0.6006944444444444 0.0390625 0.14583333333333331
0 0.8359375 0.6284722222222222 0.03645833333333333 0.1388888888888889
0 0.87890625 0.611111111111111 0.04427083333333333 0.1388888888888889
0 0.92578125 0.6163194444444444 0.033854166666666664 0.15625
