0 0.84375 0.6180555555555555 0.041666666666666664 0.1388888888888889
0 0.9075520833333333 0.5989583333333333 0.049479166666666664 0.16319444444444445
0 0.9244791666666666 0.7586805555555555 0.046875 0.19791666666666666
0 0.5143229166666666 0.5520833333333333 0.028645833333333332 0.11805555555555555
0 0.40885416666666663 0.40277777777777773 0.020833333333333332 0.07638888888888888
0 0.31119791666666663 0.3732638888888889 0.018229166666666664 0.05208333333333333
0 0.5755208333333333 0.4097222222222222 0.015625 0.07638888888888888
0 0.5716145833333333 0.34375 0.013020833333333332 0.048611111111111105
0 0.6158854166666666 0.3628472222222222 0.018229166666666664 0.06597222222222222
0 0.5924479166666666 0.3611111111111111 0.0234375 0.06944444444444445
0 0.5833333333333333 0.3350694444444444 0.010416666666666666 0.03125
