0 0.6940104166666666 0.5607638888888888 0.04427083333333333 0.1284722222222222
0 0.33203125 0.3836805555555555 0.0234375 0.059027777777777776
0 0.35416666666666663 0.3784722222222222 0.020833333333333332 0.05555555555555555
0 0.5182291666666666 0.484375 0.03125 0.10069444444444443
0 0.5520833333333333 0.4756944444444444 0.03125 0.10416666666666666
0 0.58984375 0.4739583333333333 0.028645833333333332 0.10763888888888888
0 0.44921875 0.4131944444444444 0.018229166666666664 0.06944444444444445
0 0.43359375 0.41666666666666663 0.018229166666666664 0.06944444444444445
0 0.42057291666666663 0.4131944444444444 0.013020833333333332 0.07638888888888888
0 0.41015625 0.421875 0.018229166666666664 0.07291666666666666
