0 0.5143229166666666 0.5277777777777778 0.028645833333333332 0.0625
0 0.609375 0.5555555555555556 0.026041666666666664 0.1111111111111111
0 0.578125 0.5277777777777778 0.03125 0.06944444444444445
0 0.7395833333333333 0.6128472222222222 0.05208333333333333 0.14930555555555555
0 0.6822916666666666 0.6128472222222222 0.046875 0.12152777777777778
0 0.8411458333333333 0.6666666666666666 0.03645833333333333 0.1736111111111111
0 0.9518229166666666 0.657986111111111 0.04427083333333333 0.17708333333333331
0 0.8763020833333333 0.642361111111111 0.033854166666666664 0.16666666666666666
0 0.9049479166666666 0.6666666666666666 0.028645833333333332 0.16666666666666666
0 0.921875 0.6458333333333333 0.026041666666666664 0.16666666666666666
