0 0.453125 0.7586805555555555 0.03125 0.1284722222222222
0 0.6471354166666666 0.6180555555555555 0.028645833333333332 0.06944444444444445
0 0.6236979166666666 0.6180555555555555 0.028645833333333332 0.07638888888888888
0 0.5859375 0.35416666666666663 0.020833333333333332 0.0625
0 0.8932291666666666 0.6024305555555555 0.03645833333333333 0.15625
0 0.85546875 0.6076388888888888 0.04427083333333333 0.14583333333333331
0 0.7356770833333333 0.6510416666666666 0.0390625 0.17013888888888887
0 0.8489583333333333 0.5295138888888888 0.03125 0.0798611111111111
0 0.7981770833333333 0.5451388888888888 0.0390625 0.13194444444444445
0 0.7513020833333333 0.53125 0.033854166666666664 0.125
0 0.7200520833333333 0.5295138888888888 0.033854166666666664 0.08680555555555555
