0 0.3359375 0.3611111111111111 0.015625 0.05555555555555555
0 0.4075520833333333 0.421875 0.0234375 0.08680555555555555
0 0.43619791666666663 0.4236111111111111 0.0234375 0.08333333333333333
0 0.53125 0.49652777777777773 0.03125 0.1111111111111111
0 0.5625 0.49826388888888884 0.03125 0.10069444444444443
0 0.6119791666666666 0.4236111111111111 0.020833333333333332 0.07638888888888888
0 0.6458333333333333 0.38888888888888884 0.020833333333333332 0.06944444444444445
0 0.72265625 0.4149305555555555 0.018229166666666664 0.08680555555555555
0 0.7369791666666666 0.4114583333333333 0.015625 0.08680555555555555
0 0.921875 0.7743055555555555 0.05208333333333333 0.20138888888888887
0 0.9739583333333333 0.7760416666666666 0.05208333333333333 0.18402777777777776
