0 0.7994791666666666 0.71875 0.057291666666666664 0.1736111111111111
0 0.9296875 0.6857638888888888 0.057291666666666664 0.1909722222222222
0 0.9778645833333333 0.7065972222222222 0.04427083333333333 0.2048611111111111
0 0.7486979166666666 0.5920138888888888 0.0390625 0.1423611111111111
0 0.7018229166666666 0.5052083333333333 0.04427083333333333 0.10069444444444443
0 0.43359375 0.6371527777777778 0.04427083333333333 0.1423611111111111
0 0.66015625 0.5520833333333333 0.033854166666666664 0.125
0 0.6223958333333333 0.5607638888888888 0.03645833333333333 0.11458333333333333
0 0.5755208333333333 0.5190972222222222 0.041666666666666664 0.12152777777777778
0 0.31119791666666663 0.3975694444444444 0.013020833333333332 0.03125
0 0.3255208333333333 0.4079861111111111 0.020833333333333332 0.0798611111111111
