0 0.26041666666666663 0.4409722222222222 0.020833333333333332 0.08333333333333333
0 0.27604166666666663 0.44965277777777773 0.015625 0.0798611111111111
0 0.3606770833333333 0.421875 0.0234375 0.08680555555555555
0 0.3802083333333333 0.4236111111111111 0.020833333333333332 0.06944444444444445
0 0.6276041666666666 0.5277777777777778 0.03645833333333333 0.125
0 0.6744791666666666 0.532986111111111 0.03125 0.1284722222222222
0 0.69921875 0.6163194444444444 0.028645833333333332 0.1423611111111111
0 0.7213541666666666 0.5815972222222222 0.026041666666666664 0.11458333333333333
0 0.7356770833333333 0.5503472222222222 0.033854166666666664 0.1423611111111111
0 0.7708333333333333 0.5538194444444444 0.03645833333333333 0.1284722222222222
0 0.8125 0.5451388888888888 0.03125 0.14583333333333331
0 0.83984375 0.5364583333333333 0.028645833333333332 0.1284722222222222
0 0.7200520833333333 0.4079861111111111 0.018229166666666664 0.08680555555555555
0 0.7356770833333333 0.40625 0.013020833333333332 0.07638888888888888
0 0.7513020833333333 0.40625 0.018229166666666664 0.09027777777777778
0 0.7708333333333333 0.38541666666666663 0.020833333333333332 0.05555555555555555
