0 0.3216145833333333 0.3836805555555555 0.0234375 0.06597222222222222
0 0.50390625 0.3784722222222222 0.0234375 0.06944444444444445
0 0.6380208333333333 0.5034722222222222 0.03645833333333333 0.1111111111111111
0 0.35026041666666663 0.65625 0.033854166666666664 0.15277777777777776
0 0.8736979166666666 0.4722222222222222 0.028645833333333332 0.09027777777777778
0 0.9895833333333333 0.6458333333333333 0.020833333333333332 0.1875
0 0.9348958333333333 0.6493055555555555 0.05208333333333333 0.16666666666666666
0 0.8697916666666666 0.6493055555555555 0.046875 0.15277777777777776
0 0.7721354166666666 0.6614583333333333 0.04427083333333333 0.15625
0 0.7278645833333333 0.6354166666666666 0.049479166666666664 0.16666666666666666
