0 0.7994791666666666 0.640625 0.046875 0.14930555555555555
0 0.7421875 0.6319444444444444 0.046875 0.16666666666666666
0 0.7734375 0.5607638888888888 0.03645833333333333 0.13541666666666666
0 0.7356770833333333 0.5260416666666666 0.0390625 0.05208333333333333
0 0.3997395833333333 0.3958333333333333 0.013020833333333332 0.06944444444444445
0 0.41276041666666663 0.40104166666666663 0.018229166666666664 0.07291666666666666
0 0.4270833333333333 0.3975694444444444 0.015625 0.06597222222222222
0 0.4388020833333333 0.3663194444444444 0.013020833333333332 0.024305555555555552
0 0.44401041666666663 0.3975694444444444 0.013020833333333332 0.06597222222222222
0 0.4505208333333333 0.390625 0.010416666666666666 0.06597222222222222
