0 0.6041666666666666 0.6857638888888888 0.041666666666666664 0.15625
0 0.6536458333333333 0.6701388888888888 0.05208333333333333 0.1597222222222222
0 0.64453125 0.8177083333333333 0.05989583333333333 0.18402777777777776
0 0.6979166666666666 0.814236111111111 0.05208333333333333 0.2048611111111111
0 0.6783854166666666 0.4895833333333333 0.0390625 0.1111111111111111
0 0.6979166666666666 0.4774305555555555 0.026041666666666664 0.11458333333333333
0 0.7291666666666666 0.48090277777777773 0.026041666666666664 0.12152777777777778
0 0.7513020833333333 0.4913194444444444 0.0234375 0.10069444444444443
0 0.765625 0.48263888888888884 0.026041666666666664 0.10416666666666666
0 0.7942708333333333 0.4895833333333333 0.03125 0.10416666666666666
