0 0.7421875 0.8871527777777777 0.05208333333333333 0.22569444444444442
0 0.734375 0.8524305555555555 0.0625 0.24652777777777776
0 0.3763020833333333 0.3767361111111111 0.0234375 0.059027777777777776
0 0.32291666666666663 0.3923611111111111 0.020833333333333332 0.048611111111111105
0 0.5872395833333333 0.5364583333333333 0.05989583333333333 0.10069444444444443
0 0.7174479166666666 0.5972222222222222 0.0390625 0.1388888888888889
0 0.8658854166666666 0.3940972222222222 0.0234375 0.03125
0 0.7721354166666666 0.5225694444444444 0.0234375 0.08680555555555555
0 0.796875 0.515625 0.03645833333333333 0.12152777777777778
0 0.7486979166666666 0.5052083333333333 0.033854166666666664 0.11458333333333333
