0 0.36328125 0.4149305555555555 0.0234375 0.08680555555555555
0 0.75390625 0.4392361111111111 0.0234375 0.08680555555555555
0 0.7200520833333333 0.4565972222222222 0.0234375 0.09375
0 0.73046875 0.4305555555555555 0.0234375 0.09027777777777778
0 0.6940104166666666 0.4600694444444444 0.0234375 0.09375
0 0.6588541666666666 0.46875 0.03125 0.09722222222222221
0 0.62890625 0.4392361111111111 0.0234375 0.09375
0 0.609375 0.44965277777777773 0.015625 0.0798611111111111
0 0.5989583333333333 0.42013888888888884 0.020833333333333332 0.09027777777777778
0 0.78125 0.37152777777777773 0.020833333333333332 0.041666666666666664
