0 0.9908854166666666 0.7604166666666666 0.018229166666666664 0.1597222222222222
0 0.5208333333333333 0.3958333333333333 0.020833333333333332 0.08333333333333333
0 0.43619791666666663 0.40277777777777773 0.0234375 0.07638888888888888
0 0.41015625 0.4097222222222222 0.0234375 0.06944444444444445
0 0.6315104166666666 0.5729166666666666 0.0390625 0.09722222222222221
0 0.6861979166666666 0.5694444444444444 0.049479166666666664 0.09027777777777778
0 0.7330729166666666 0.5920138888888888 0.0390625 0.11458333333333333
0 0.78125 0.6041666666666666 0.03645833333333333 0.1388888888888889
0 0.8567708333333333 0.6475694444444444 0.046875 0.15625
0 0.8971354166666666 0.6475694444444444 0.033854166666666664 0.15625
0 0.9166666666666666 0.6336805555555555 0.026041666666666664 0.15625
