0 0.359375 0.3819444444444444 0.020833333333333332 0.05555555555555555
0 0.43359375 0.4895833333333333 0.028645833333333332 0.09722222222222221
0 0.5052083333333333 0.47916666666666663 0.020833333333333332 0.1111111111111111
0 0.5260416666666666 0.47916666666666663 0.020833333333333332 0.09027777777777778
0 0.58203125 0.46875 0.028645833333333332 0.09027777777777778
0 0.6627604166666666 0.41666666666666663 0.018229166666666664 0.09027777777777778
0 0.7005208333333333 0.4114583333333333 0.026041666666666664 0.0798611111111111
0 0.7317708333333333 0.40451388888888884 0.020833333333333332 0.0798611111111111
0 0.7630208333333333 0.3767361111111111 0.015625 0.03819444444444444
0 0.7356770833333333 0.4895833333333333 0.028645833333333332 0.10416666666666666
0 0.640625 0.5763888888888888 0.046875 0.1388888888888889
0 0.69921875 0.578125 0.0390625 0.13541666666666666
0 0.7734375 0.6493055555555555 0.041666666666666664 0.1597222222222222
0 0.8828125 0.703125 0.057291666666666664 0.1909722222222222
0 0.9388020833333333 0.703125 0.0546875 0.15625
