0 0.8020833333333333 0.6006944444444444 0.046875 0.1597222222222222
0 0.7942708333333333 0.3975694444444444 0.03125 0.059027777777777776
0 0.44140625 0.4392361111111111 0.0234375 0.0798611111111111
0 0.2825520833333333 0.3645833333333333 0.013020833333333332 0.048611111111111105
0 0.41276041666666663 0.3506944444444444 0.0234375 0.05555555555555555
0 0.390625 0.3489583333333333 0.020833333333333332 0.059027777777777776
0 0.35807291666666663 0.37152777777777773 0.018229166666666664 0.0625
0 0.71875 0.4114583333333333 0.020833333333333332 0.0798611111111111
0 0.6888020833333333 0.4149305555555555 0.018229166666666664 0.08680555555555555
0 0.6575520833333333 0.3819444444444444 0.0234375 0.06944444444444445
