0 0.6119791666666666 0.4236111111111111 0.026041666666666664 0.08333333333333333
0 0.42578125 0.5434027777777778 0.0390625 0.11458333333333333
0 0.8216145833333333 0.43576388888888884 0.028645833333333332 0.10069444444444443
0 0.796875 0.4392361111111111 0.026041666666666664 0.08680555555555555
0 0.7734375 0.5607638888888888 0.03125 0.1284722222222222
0 0.8098958333333333 0.5590277777777778 0.03645833333333333 0.13194444444444445
0 0.83984375 0.564236111111111 0.0234375 0.08680555555555555
0 0.515625 0.40451388888888884 0.015625 0.07291666666666666
0 0.53515625 0.4270833333333333 0.018229166666666664 0.07638888888888888
0 0.5390625 0.3819444444444444 0.020833333333333332 0.034722222222222224
