0 0.28776041666666663 0.3524305555555555 0.018229166666666664 0.059027777777777776
0 0.3098958333333333 0.3489583333333333 0.020833333333333332 0.04513888888888889
0 0.32291666666666663 0.390625 0.020833333333333332 0.059027777777777776
0 0.3645833333333333 0.3923611111111111 0.020833333333333332 0.06944444444444445
0 0.3841145833333333 0.3923611111111111 0.018229166666666664 0.06944444444444445
0 0.43229166666666663 0.421875 0.020833333333333332 0.0798611111111111
0 0.44921875 0.41666666666666663 0.018229166666666664 0.08333333333333333
0 0.69140625 0.48090277777777773 0.033854166666666664 0.10763888888888888
0 0.83984375 0.625 0.049479166666666664 0.14583333333333331
0 0.9036458333333333 0.6180555555555555 0.041666666666666664 0.14583333333333331
