0 0.3020833333333333 0.4722222222222222 0.026041666666666664 0.09722222222222221
0 0.3411458333333333 0.40104166666666663 0.026041666666666664 0.06597222222222222
0 0.34244791666666663 0.46527777777777773 0.028645833333333332 0.08333333333333333
0 0.36328125 0.43229166666666663 0.0234375 0.0798611111111111
0 0.3828125 0.40104166666666663 0.026041666666666664 0.08680555555555555
0 0.5091145833333333 0.48263888888888884 0.028645833333333332 0.10416666666666666
0 0.60546875 0.3784722222222222 0.0234375 0.06944444444444445
0 0.671875 0.4097222222222222 0.020833333333333332 0.09722222222222221
0 0.6953125 0.4131944444444444 0.026041666666666664 0.09027777777777778
0 0.7591145833333333 0.5572916666666666 0.04427083333333333 0.12152777777777778
