0 0.6549479166666666 0.5364583333333333 0.0390625 0.1284722222222222
0 0.29296875 0.3784722222222222 0.013020833333333332 0.05555555555555555
0 0.32682291666666663 0.375 0.0234375 0.05555555555555555
0 0.36197916666666663 0.36979166666666663 0.015625 0.05208333333333333
0 0.34635416666666663 0.3680555555555555 0.015625 0.05555555555555555
0 0.41015625 0.43229166666666663 0.0234375 0.0798611111111111
0 0.38151041666666663 0.43402777777777773 0.0234375 0.08333333333333333
0 0.9348958333333333 0.7135416666666666 0.046875 0.17013888888888887
0 0.9869791666666666 0.7013888888888888 0.026041666666666664 0.1875
0 0.5598958333333333 0.4114583333333333 0.020833333333333332 0.06597222222222222
0 0.5833333333333333 0.40625 0.020833333333333332 0.07638888888888888
0 0.6028645833333333 0.43402777777777773 0.018229166666666664 0.08333333333333333
0 0.6171875 0.43229166666666663 0.015625 0.0798611111111111
0 0.7083333333333333 0.41840277777777773 0.020833333333333332 0.08680555555555555
0 0.6927083333333333 0.421875 0.015625 0.0798611111111111
0 0.6809895833333333 0.43402777777777773 0.013020833333333332 0.05555555555555555
0 0.6393229166666666 0.4097222222222222 0.013020833333333332 0.034722222222222224
0 0.6484375 0.43229166666666663 0.015625 0.0798611111111111
