0 0.53515625 0.75 0.04427083333333333 0.08333333333333333
0 0.6458333333333333 0.6197916666666666 0.026041666666666664 0.06597222222222222
0 0.625 0.6180555555555555 0.026041666666666664 0.07638888888888888
0 0.86328125 0.5902777777777778 0.04427083333333333 0.15277777777777776
0 0.8268229166666666 0.5989583333333333 0.0390625 0.1423611111111111
0 0.7408854166666666 0.6545138888888888 0.0390625 0.17013888888888887
0 0.6028645833333333 0.3524305555555555 0.018229166666666664 0.06597222222222222
0 0.7317708333333333 0.5364583333333333 0.03125 0.08680555555555555
0 0.7643229166666666 0.5434027777777778 0.028645833333333332 0.13541666666666666
0 0.7877604166666666 0.5625 0.028645833333333332 0.1388888888888889
0 0.8190104166666666 0.5295138888888888 0.033854166666666664 0.059027777777777776
