0 0.4114583333333333 0.671875 0.05208333333333333 0.11458333333333333
0 0.44921875 0.657986111111111 0.028645833333333332 0.13541666666666666
0 0.5260416666666666 0.6284722222222222 0.03125 0.09027777777777778
0 0.796875 0.43229166666666663 0.03125 0.09375
0 0.5833333333333333 0.3993055555555555 0.020833333333333332 0.0625
0 0.59375 0.38541666666666663 0.015625 0.08333333333333333
0 0.5364583333333333 0.3802083333333333 0.020833333333333332 0.07291666666666666
0 0.50390625 0.3784722222222222 0.018229166666666664 0.07638888888888888
0 0.36328125 0.38541666666666663 0.018229166666666664 0.06944444444444445
0 0.30729166666666663 0.3836805555555555 0.015625 0.06597222222222222
