0 0.6497395833333333 0.5225694444444444 0.0234375 0.09375
0 0.62890625 0.5277777777777778 0.0234375 0.09722222222222221
0 0.55078125 0.5295138888888888 0.028645833333333332 0.10069444444444443
0 0.515625 0.4583333333333333 0.03125 0.08333333333333333
0 0.52734375 0.3836805555555555 0.018229166666666664 0.06597222222222222
0 0.42057291666666663 0.4375 0.018229166666666664 0.0625
0 0.3997395833333333 0.4375 0.018229166666666664 0.06944444444444445
0 0.37760416666666663 0.43229166666666663 0.020833333333333332 0.0798611111111111
0 0.359375 0.4409722222222222 0.015625 0.06944444444444445
0 0.34244791666666663 0.4427083333333333 0.018229166666666664 0.07291666666666666
