0 0.5755208333333333 0.625 0.026041666666666664 0.06944444444444445
0 0.72265625 0.7256944444444444 0.0390625 0.05555555555555555
0 0.5169270833333333 0.36979166666666663 0.018229166666666664 0.06597222222222222
0 0.9674479166666666 0.6527777777777778 0.028645833333333332 0.09027777777777778
0 0.6783854166666666 0.6232638888888888 0.04427083333333333 0.07291666666666666
0 0.7330729166666666 0.6458333333333333 0.04427083333333333 0.15277777777777776
0 0.8216145833333333 0.5243055555555556 0.028645833333333332 0.1111111111111111
0 0.7877604166666666 0.5190972222222222 0.04427083333333333 0.1284722222222222
0 0.7200520833333333 0.5138888888888888 0.033854166666666664 0.11805555555555555
0 0.6901041666666666 0.5243055555555556 0.03125 0.10416666666666666
0 0.9388020833333333 0.6128472222222222 0.028645833333333332 0.16319444444444445
0 0.9127604166666666 0.611111111111111 0.028645833333333332 0.15277777777777776
