0 0.6458333333333333 0.8159722222222222 0.05208333333333333 0.1736111111111111
0 0.5677083333333333 0.4270833333333333 0.026041666666666664 0.07638888888888888
0 0.5364583333333333 0.4861111111111111 0.026041666666666664 0.048611111111111105
0 0.53515625 0.5763888888888888 0.033854166666666664 0.125
0 0.5625 0.5711805555555555 0.03125 0.1284722222222222
0 0.5924479166666666 0.579861111111111 0.028645833333333332 0.125
0 0.28515625 0.3611111111111111 0.018229166666666664 0.0625
0 0.31510416666666663 0.3993055555555555 0.010416666666666666 0.0625
0 0.3359375 0.40451388888888884 0.020833333333333332 0.06597222222222222
0 0.35546875 0.40451388888888884 0.0234375 0.07291666666666666
