0 0.5625 0.626736111111111 0.026041666666666664 0.06597222222222222
0 0.66796875 0.6145833333333333 0.033854166666666664 0.08333333333333333
0 0.51171875 0.6388888888888888 0.0234375 0.08333333333333333
0 0.3359375 0.7135416666666666 0.046875 0.17708333333333331
0 0.28125 0.359375 0.015625 0.059027777777777776
0 0.4231770833333333 0.4079861111111111 0.0234375 0.0798611111111111
0 0.5403645833333333 0.3958333333333333 0.028645833333333332 0.07638888888888888
0 0.59765625 0.38715277777777773 0.0234375 0.07291666666666666
0 0.5859375 0.3611111111111111 0.015625 0.0625
0 0.57421875 0.4097222222222222 0.018229166666666664 0.041666666666666664
0 0.5716145833333333 0.3663194444444444 0.013020833333333332 0.03819444444444444
