0 0.7513020833333333 0.546875 0.028645833333333332 0.11458333333333333
0 0.7252604166666666 0.546875 0.033854166666666664 0.11458333333333333
0 0.6927083333333333 0.5868055555555555 0.03645833333333333 0.1388888888888889
0 0.5325520833333333 0.421875 0.0234375 0.0798611111111111
0 0.5104166666666666 0.41840277777777773 0.020833333333333332 0.0798611111111111
0 0.40104166666666663 0.40104166666666663 0.020833333333333332 0.059027777777777776
0 0.375 0.3958333333333333 0.026041666666666664 0.06944444444444445
0 0.33984375 0.3628472222222222 0.018229166666666664 0.059027777777777776
0 0.2981770833333333 0.3368055555555555 0.013020833333333332 0.020833333333333332
0 0.28515625 0.359375 0.013020833333333332 0.059027777777777776
