0 0.515625 0.6354166666666666 0.026041666666666664 0.08333333333333333
0 0.7981770833333333 0.704861111111111 0.049479166666666664 0.1111111111111111
0 0.9778645833333333 0.6527777777777778 0.028645833333333332 0.09027777777777778
0 0.94140625 0.6128472222222222 0.04427083333333333 0.16319444444444445
0 0.87109375 0.6076388888888888 0.033854166666666664 0.15277777777777776
0 0.7330729166666666 0.642361111111111 0.04427083333333333 0.1597222222222222
0 0.8098958333333333 0.5121527777777778 0.026041666666666664 0.10763888888888888
0 0.7760416666666666 0.5052083333333333 0.03645833333333333 0.11458333333333333
0 0.6770833333333333 0.6197916666666666 0.03645833333333333 0.07291666666666666
0 0.7174479166666666 0.501736111111111 0.0390625 0.11458333333333333
0 0.6848958333333333 0.5138888888888888 0.03125 0.10416666666666666
