0 0.5651041666666666 0.4305555555555555 0.020833333333333332 0.09027777777777778
0 0.58203125 0.421875 0.013020833333333332 0.09375
0 0.59765625 0.421875 0.018229166666666664 0.08680555555555555
0 0.6197916666666666 0.4236111111111111 0.026041666666666664 0.09027777777777778
0 0.6419270833333333 0.41840277777777773 0.018229166666666664 0.08680555555555555
0 0.6666666666666666 0.41666666666666663 0.026041666666666664 0.09027777777777778
0 0.69921875 0.3975694444444444 0.018229166666666664 0.05208333333333333
0 0.7200520833333333 0.390625 0.0234375 0.059027777777777776
0 0.7421875 0.40625 0.015625 0.09027777777777778
0 0.69921875 0.46875 0.018229166666666664 0.09027777777777778
0 0.7213541666666666 0.4600694444444444 0.026041666666666664 0.09375
