0 0.31510416666666663 0.3819444444444444 0.026041666666666664 0.06944444444444445
0 0.3528645833333333 0.4288194444444444 0.0234375 0.07291666666666666
0 0.4075520833333333 0.4444444444444444 0.028645833333333332 0.09722222222222221
0 0.51953125 0.4548611111111111 0.0234375 0.07638888888888888
0 0.93359375 0.6197916666666666 0.0390625 0.14930555555555555
0 0.8958333333333333 0.6354166666666666 0.03645833333333333 0.15277777777777776
0 0.8294270833333333 0.6753472222222222 0.033854166666666664 0.1423611111111111
0 0.8307291666666666 0.6284722222222222 0.03645833333333333 0.1388888888888889
0 0.7994791666666666 0.6510416666666666 0.03125 0.15625
0 0.76953125 0.6631944444444444 0.0390625 0.16666666666666666
