0 0.28776041666666663 0.45138888888888884 0.033854166666666664 0.09722222222222221
0 0.33984375 0.40451388888888884 0.0234375 0.059027777777777776
0 0.4427083333333333 0.3940972222222222 0.026041666666666664 0.08680555555555555
0 0.4075520833333333 0.4565972222222222 0.028645833333333332 0.06597222222222222
0 0.53515625 0.5034722222222222 0.033854166666666664 0.1111111111111111
0 0.7018229166666666 0.501736111111111 0.033854166666666664 0.12152777777777778
0 0.78515625 0.3958333333333333 0.018229166666666664 0.07638888888888888
0 0.8828125 0.7222222222222222 0.07291666666666666 0.18055555555555555
0 0.31510416666666663 0.6354166666666666 0.041666666666666664 0.14583333333333331
0 0.3528645833333333 0.6631944444444444 0.0234375 0.07638888888888888
