0 0.84765625 0.59375 0.0390625 0.1388888888888889
0 0.8020833333333333 0.5989583333333333 0.03645833333333333 0.13541666666666666
0 0.28776041666666663 0.3732638888888889 0.013020833333333332 0.059027777777777776
0 0.32291666666666663 0.36979166666666663 0.015625 0.05208333333333333
0 0.36197916666666663 0.3940972222222222 0.015625 0.07291666666666666
0 0.37760416666666663 0.3958333333333333 0.026041666666666664 0.06944444444444445
0 0.7708333333333333 0.3784722222222222 0.015625 0.034722222222222224
0 0.7552083333333333 0.45138888888888884 0.026041666666666664 0.09027777777777778
0 0.7018229166666666 0.4548611111111111 0.028645833333333332 0.09722222222222221
0 0.671875 0.4618055555555555 0.020833333333333332 0.09027777777777778
0 0.6510416666666666 0.45138888888888884 0.020833333333333332 0.09027777777777778
0 0.6549479166666666 0.5381944444444444 0.033854166666666664 0.125
0 0.62109375 0.5364583333333333 0.028645833333333332 0.1284722222222222
