0 0.33854166666666663 0.375 0.020833333333333332 0.0625
0 0.359375 0.3732638888888889 0.020833333333333332 0.06597222222222222
0 0.68359375 0.3958333333333333 0.028645833333333332 0.09027777777777778
0 0.7356770833333333 0.4131944444444444 0.0234375 0.09722222222222221
0 0.7721354166666666 0.41666666666666663 0.0234375 0.09027777777777778
0 0.7434895833333333 0.5746527777777778 0.0390625 0.13541666666666666
0 0.7994791666666666 0.6006944444444444 0.03125 0.1388888888888889
0 0.8307291666666666 0.6059027777777778 0.03645833333333333 0.16319444444444445
0 0.859375 0.5885416666666666 0.03125 0.1423611111111111
0 0.8932291666666666 0.6128472222222222 0.03645833333333333 0.1423611111111111
