0 0.33463541666666663 0.4114583333333333 0.018229166666666664 0.0798611111111111
0 0.3763020833333333 0.3940972222222222 0.0234375 0.06597222222222222
0 0.36197916666666663 0.5208333333333333 0.041666666666666664 0.125
0 0.4453125 0.40451388888888884 0.026041666666666664 0.06597222222222222
0 0.42838541666666663 0.4618055555555555 0.033854166666666664 0.09722222222222221
0 0.5703125 0.5190972222222222 0.03645833333333333 0.10763888888888888
0 0.6861979166666666 0.501736111111111 0.0234375 0.11458333333333333
0 0.7057291666666666 0.5243055555555556 0.026041666666666664 0.1111111111111111
0 0.7317708333333333 0.5086805555555556 0.020833333333333332 0.11458333333333333
0 0.8151041666666666 0.6475694444444444 0.05208333333333333 0.13541666666666666
0 0.8736979166666666 0.6215277777777778 0.05989583333333333 0.1388888888888889
