0 0.3450520833333333 0.41666666666666663 0.018229166666666664 0.06944444444444445
0 0.36588541666666663 0.4114583333333333 0.018229166666666664 0.07291666666666666
0 0.39322916666666663 0.4097222222222222 0.026041666666666664 0.07638888888888888
0 0.41796875 0.38888888888888884 0.0234375 0.07638888888888888
0 0.4388020833333333 0.3923611111111111 0.0234375 0.07638888888888888
0 0.5260416666666666 0.3958333333333333 0.020833333333333332 0.06944444444444445
0 0.546875 0.3958333333333333 0.020833333333333332 0.07638888888888888
0 0.5690104166666666 0.3802083333333333 0.018229166666666664 0.07291666666666666
0 0.57421875 0.46875 0.028645833333333332 0.09722222222222221
0 0.6119791666666666 0.4739583333333333 0.03645833333333333 0.10763888888888888
0 0.6510416666666666 0.3802083333333333 0.020833333333333332 0.05208333333333333
0 0.6471354166666666 0.578125 0.04427083333333333 0.13541666666666666
0 0.9296875 0.673611111111111 0.041666666666666664 0.1736111111111111
0 0.98046875 0.6631944444444444 0.0390625 0.1736111111111111
