0 0.3059895833333333 0.3680555555555555 0.013020833333333332 0.0625
0 0.3919270833333333 0.3923611111111111 0.018229166666666664 0.06944444444444445
0 0.4075520833333333 0.38888888888888884 0.018229166666666664 0.06944444444444445
0 0.42447916666666663 0.38888888888888884 0.015625 0.06944444444444445
0 0.76953125 0.5434027777777778 0.033854166666666664 0.1284722222222222
0 0.734375 0.548611111111111 0.041666666666666664 0.13194444444444445
0 0.7135416666666666 0.4097222222222222 0.03125 0.08333333333333333
0 0.7356770833333333 0.40451388888888884 0.018229166666666664 0.08680555555555555
0 0.7578125 0.42013888888888884 0.020833333333333332 0.08333333333333333
0 0.7877604166666666 0.4097222222222222 0.018229166666666664 0.09027777777777778
