0 0.8932291666666666 0.6163194444444444 0.03645833333333333 0.1423611111111111
0 0.8489583333333333 0.6145833333333333 0.041666666666666664 0.15277777777777776
0 0.61328125 0.5416666666666666 0.0390625 0.06944444444444445
0 0.65625 0.546875 0.041666666666666664 0.10763888888888888
0 0.73046875 0.4756944444444444 0.028645833333333332 0.1111111111111111
0 0.87890625 0.43576388888888884 0.028645833333333332 0.10069444444444443
0 0.85546875 0.4305555555555555 0.028645833333333332 0.09722222222222221
0 0.6966145833333333 0.45138888888888884 0.0234375 0.10416666666666666
0 0.6731770833333333 0.4444444444444444 0.028645833333333332 0.08333333333333333
0 0.6328125 0.4392361111111111 0.03645833333333333 0.09375
0 0.5533854166666666 0.42013888888888884 0.013020833333333332 0.08333333333333333
0 0.5690104166666666 0.4236111111111111 0.018229166666666664 0.08333333333333333
