0 0.5182291666666666 0.6371527777777778 0.026041666666666664 0.07291666666666666
0 0.4505208333333333 0.6493055555555555 0.026041666666666664 0.1388888888888889
0 0.9479166666666666 0.9513888888888888 0.078125 0.09027777777777778
0 0.82421875 0.939236111111111 0.06510416666666666 0.12152777777777778
0 0.7760416666666666 0.6822916666666666 0.0625 0.17013888888888887
0 0.5455729166666666 0.6180555555555555 0.033854166666666664 0.06944444444444445
0 0.9231770833333333 0.4444444444444444 0.033854166666666664 0.10416666666666666
0 0.5 0.3940972222222222 0.015625 0.0798611111111111
0 0.5286458333333333 0.3923611111111111 0.020833333333333332 0.07638888888888888
0 0.5546875 0.671875 0.03645833333333333 0.05208333333333333
