0 0.35416666666666663 0.4236111111111111 0.026041666666666664 0.08333333333333333
0 0.515625 0.4114583333333333 0.020833333333333332 0.06597222222222222
0 0.54296875 0.42013888888888884 0.0234375 0.06944444444444445
0 0.6119791666666666 0.4288194444444444 0.026041666666666664 0.08680555555555555
0 0.6276041666666666 0.5607638888888888 0.041666666666666664 0.13541666666666666
0 0.6627604166666666 0.5711805555555555 0.033854166666666664 0.1284722222222222
0 0.6848958333333333 0.4097222222222222 0.020833333333333332 0.08333333333333333
0 0.7044270833333333 0.4149305555555555 0.018229166666666664 0.0798611111111111
0 0.9791666666666666 0.6302083333333333 0.041666666666666664 0.0798611111111111
0 0.9661458333333333 0.7795138888888888 0.06770833333333333 0.22569444444444442
