0 0.30729166666666663 0.375 0.015625 0.06944444444444445
0 0.328125 0.3663194444444444 0.020833333333333332 0.06597222222222222
0 0.3450520833333333 0.3680555555555555 0.018229166666666664 0.05555555555555555
0 0.41015625 0.421875 0.0234375 0.0798611111111111
0 0.4375 0.4236111111111111 0.026041666666666664 0.08333333333333333
0 0.52734375 0.4427083333333333 0.028645833333333332 0.09375
0 0.5963541666666666 0.42013888888888884 0.03125 0.08333333333333333
0 0.6341145833333333 0.5260416666666666 0.033854166666666664 0.11458333333333333
0 0.7903645833333333 0.6666666666666666 0.04427083333333333 0.14583333333333331
0 0.8190104166666666 0.595486111111111 0.049479166666666664 0.0798611111111111
0 0.9700520833333333 0.6979166666666666 0.05989583333333333 0.1597222222222222
0 0.7317708333333333 0.4236111111111111 0.026041666666666664 0.09027777777777778
0 0.75390625 0.42013888888888884 0.018229166666666664 0.07638888888888888
0 0.76953125 0.421875 0.018229166666666664 0.08680555555555555
0 0.7942708333333333 0.41666666666666663 0.03645833333333333 0.09722222222222221
